beta = 2.42123
kappa = 3.13945
omega = 0.606305
phiA = 0.39567
phiC = 0.156252
phiG = 0.231027