beta = 1.70298
kappa = 3.13354
omega = 0.605487
phiA = 0.398142
phiC = 0.156991
phiG = 0.230584