site,A,C,D,E,F,G,H,I,K,L,M,N,P,Q,R,S,T,V,W,Y
1,0.0775441512901532,0.04903017763250208,0.05167826326413901,0.0504584028170507,0.049818433453942206,0.04874146583131758,0.04958966153225295,0.05344220796553507,0.050826689637193584,0.04979606164559544,0.04993001299802882,0.051368293828865895,0.05251125589310435,0.0479380049418501,0.04729411671837593,0.04846247108388499,0.028493812646967362,0.0435200689682974,0.05250506159531315,0.04705138625563018
2,0.0596341478355589,0.06636094962435495,0.08968738940618144,0.0516734533820864,0.026830833503731846,0.0486783309769408,0.042588615276307036,0.02067840866954184,0.06895259334137804,0.021315802856149247,0.043488408698417885,0.08430537896900596,0.019319046726873446,0.07999579172919215,0.058729509356089775,0.06472783159370013,0.060920753237349176,0.023788561084481408,0.037111442234182265,0.031212751498477326
3,0.03948723315773213,0.023937469291925653,0.048666512623154135,0.06428836608519785,0.05920710334819821,0.04330198391806613,0.01936055701521237,0.056235039531088465,0.03063191981183175,0.08845083635557892,0.04576585334804465,0.041620910816920084,0.033833529366144234,0.05024141359004433,0.07093402648228378,0.03661237487206613,0.0982398297936518,0.031740909576588615,0.049437779001274135,0.06800635201499662
4,0.013759360877422449,0.03787954906940047,0.03338766922492728,0.02912237417039694,0.07395929101095679,0.03309518490020627,0.03373287181557146,0.039651063103950515,0.02788223431200628,0.023127497602067486,0.04540300525027894,0.038739637409990285,0.03829008694169839,0.038256652123746834,0.05409315210157819,0.022219515892897338,0.052067642006415886,0.04005934821283632,0.1788035855823972,0.14647027839125465
5,0.048399831737056635,0.04426893720275741,0.03669375733565364,0.02944463954269491,0.03668382708504305,0.04048820189927136,0.03721660896208442,0.04563637141372592,0.04030119438724086,0.031541457563889215,0.035753639592068794,0.045269884172223634,0.04205908531016661,0.02768649568340285,0.027651991147471598,0.04524829251068694,0.13210321032754446,0.18769667965440764,0.03671694975276118,0.02913894471984892
6,0.03465066567845796,0.04798528870578095,0.0313259146719288,0.029778297609812564,0.039027012568763834,0.057302049915483724,0.03254602516113953,0.052188196080879656,0.049196653724593135,0.04252797003406133,0.03439540582961459,0.05229924971433466,0.045666594339922345,0.02330223081654235,0.04717985017328399,0.0719018559192409,0.18112832239737,0.03460045316107053,0.05372050088738598,0.039277462610333214
7,0.04215213436308198,0.04369426179827729,0.026109074938214242,0.02451303163363434,0.043976736812297,0.03141031155164355,0.04438493031018747,0.07988514056773094,0.04274448747541907,0.031178966520736387,0.03643610864879849,0.06288651210693505,0.0390793735968215,0.08087814761302127,0.04270390193609274,0.04641378604726545,0.026269802104621404,0.1823018211245905,0.04443520500802453,0.028546265842606788
8,0.03097654039944944,0.034977892044255506,0.041876442216536525,0.0321282476096364,0.1129449183835176,0.044358237588910936,0.033507652130190975,0.026369803996511426,0.043705447151580486,0.027943510938100782,0.04900851217632992,0.029838600985404095,0.06504994009958974,0.043971439911798006,0.028854699357609488,0.0420247426292496,0.03636446544182526,0.02630855739654919,0.0636948110085152,0.1860955385344394
9,0.04318754368706184,0.04405087515306056,0.0598535744944013,0.04986122119593204,0.06331177139855533,0.02887014139326609,0.03103821911972843,0.019571044443230483,0.027380688543453813,0.02877909925573013,0.05068995139604905,0.04260027619160262,0.03592769797934785,0.032016410061100065,0.025809164287392897,0.026445244032218027,0.07222725827235474,0.0651216840176687,0.04754328813034142,0.20571484694750464
10,0.04363620822124562,0.04707263245920542,0.03223043095075338,0.04776409464058692,0.04439494378258321,0.2117951722783996,0.06743382638631921,0.027400004151238198,0.03300313703832679,0.03329747331388483,0.04857256026031923,0.04078465877862213,0.029626957114910937,0.03406248880661047,0.03889119887607826,0.049984527194041485,0.03995865814146712,0.035035808032983146,0.05064651114522425,0.04440870842719987
11,0.09152488023619652,0.058301649583468534,0.043840997479789416,0.07580902491677985,0.040655466837509785,0.027178820808250174,0.03318307248876316,0.0828824648933016,0.023504955279229384,0.0270527903708536,0.0424126107785131,0.04626131983963275,0.031878164498473034,0.03307673300198838,0.030945637015010363,0.0280488439645476,0.03993094287487777,0.1699190684880908,0.043052988352236345,0.030539568292487808
12,0.025462557362886842,0.05377600569101031,0.05551947454659256,0.025427072873840984,0.060883714232829775,0.06685450353166021,0.03675041852020695,0.05467937239737955,0.032829788490838015,0.025210808635199658,0.04248727351854264,0.01992390091235981,0.2029357463877314,0.05811033064462157,0.030364513647279382,0.053164290767080916,0.03539042420193977,0.040357987547027324,0.04305483881341333,0.03681697727755903
13,0.057507446385589314,0.07522891562158275,0.027737991834921916,0.02989464675864129,0.02479339034694744,0.016796351473740624,0.01404137605043973,0.08057158802014121,0.12734652216175135,0.03175008618336457,0.03772687705389596,0.042054356988251315,0.02782909347027001,0.05949544031267742,0.03795354978498516,0.07212790227220216,0.028060897383945863,0.15137891533995038,0.031112174361857144,0.026592478194844376
14,0.05250334389130578,0.031561297669570366,0.03429279466265291,0.030707396198176407,0.11969734477643415,0.02532550859850577,0.022891913234292804,0.0522084531429706,0.040251240628840175,0.02671402618347842,0.032354536733507695,0.02887021786352484,0.034838873469173005,0.07519028562935642,0.027524173611825062,0.03935867076888455,0.02825993346867165,0.032379196197551745,0.15254702335058792,0.11252376992068974
15,0.07177112208503986,0.07801112142547634,0.02735315214132619,0.04348672022510764,0.04076418633229107,0.03459888631015208,0.08539734452322571,0.04341602768385648,0.06902319423781776,0.04826447684658277,0.03913195975138522,0.05407428604624424,0.035426492860828086,0.057659040080848864,0.03760147768605413,0.04769313530406077,0.04627654992657696,0.04905309149731101,0.020018519856246225,0.07097921517956864
16,0.07158606159821446,0.023296303133757672,0.11232406788024207,0.103031185886345,0.04438539468669639,0.029219363211149055,0.06198215209107968,0.030554863111542062,0.020289652669644657,0.01920575587807065,0.02987168859750252,0.03086589477969185,0.1154425813398009,0.037021531356769895,0.030869570169394036,0.06476939289935413,0.05022960728958281,0.04464056164248836,0.03817264057574542,0.04224173120292842
17,0.09017478175128583,0.06503879628608565,0.06689562910418284,0.04850730618258639,0.04794672737543661,0.09016742458317956,0.0530463228145967,0.048653500570651036,0.01845746020686045,0.016371560520186484,0.04219847060835572,0.024726789872860026,0.0182469290180474,0.03308383965232265,0.01824722194722856,0.06445349068599937,0.0942929606154208,0.0437832541972526,0.08534047580125262,0.030367058206208664
18,0.052352099754202214,0.03952901677977008,0.07934493207269877,0.05869011334830367,0.04969516712341867,0.031179577175965832,0.05059812670877817,0.043400793485186384,0.039411220347282686,0.036172271819429606,0.07767962651496874,0.031742785847749734,0.019694100862565303,0.06783199202271119,0.041081367276336746,0.05880990788129933,0.06363129365607828,0.07164002290035736,0.049573650557911415,0.037941933864985865
19,0.07166313710766876,0.07632851986853205,0.03132267968092009,0.04820058532649285,0.03993329742239294,0.050543445742676066,0.02380240351774542,0.04674918490759128,0.03278794278408912,0.03936366359287037,0.04071091026218114,0.03088900633717525,0.07706916326503857,0.024916200060796145,0.025738886955690824,0.07835363333757146,0.10989896534743414,0.08615567119364133,0.0297871740416009,0.03578552924789128
20,0.04058576214297312,0.05237639584109497,0.0622015531487349,0.056001831359838376,0.02882355455430992,0.04735680785028129,0.046025950986390736,0.0824360356970448,0.026810802430122297,0.04817407583624858,0.044047604732762785,0.02397798069230371,0.053066747937962205,0.05273701431375468,0.018010724636452348,0.04348665057613129,0.06912547865866912,0.1116965598479917,0.05965968401439165,0.033398784742541536
21,0.030837011298762092,0.0764921918016943,0.059160910322551885,0.0426189285402753,0.04377522322270691,0.05752259666262874,0.04527084087622274,0.061939563950101126,0.02811447325110415,0.16018828350370404,0.05327976865824596,0.043980074229982416,0.030590764162660638,0.041351615860422124,0.032101358684487866,0.029118139297375306,0.027935058975397224,0.05500204110750127,0.03772248965563239,0.04299866593854352
22,0.02534446372750199,0.051209334894725206,0.01983772924283289,0.040667294885131065,0.12259475345461696,0.03284635395129752,0.05008003872911362,0.046525323735404835,0.04163367566429158,0.052197951677103616,0.06461698898702295,0.04283278624474024,0.030682200297679443,0.03257782314152094,0.0365165151297056,0.058675807280579514,0.05252948521018461,0.056811792147616974,0.06494254483634572,0.07687713676258473
23,0.046172321806258514,0.2132394283233069,0.044560404648940836,0.06308008370078322,0.07579444937987889,0.02742950060920456,0.03841760429341202,0.05779995650503202,0.04246582235816768,0.031416667451673326,0.03051807334500096,0.04671316951055717,0.026375888964507762,0.036476267057621074,0.039003738466364464,0.03599706011998501,0.03312795399512471,0.02850391695280282,0.048749809636426236,0.034157882874951806
24,0.15397316567029282,0.040905459245069,0.04191786171204855,0.04189305179617455,0.030740407949291094,0.07891174750013813,0.04121639174553567,0.035170222349593834,0.0335440654066156,0.034717499330850075,0.07600684980946072,0.024878335044957886,0.02897609334620373,0.039678779192084096,0.04616154671972559,0.06487011776018195,0.06375804062066455,0.04770192087539756,0.0505105901093374,0.02446785381637717
25,0.09090748305810996,0.03933554401744873,0.02195681541346163,0.036176837435074605,0.024163177847216596,0.02461173685866024,0.06339886164801332,0.05280663615748785,0.025955656971629312,0.042958382528043335,0.04309763369626821,0.05933115342255646,0.028578064522840424,0.040607451415802256,0.05022236151375623,0.08018427271125535,0.06795176561554796,0.10364126077971046,0.041485180893599566,0.06262972349351753
26,0.05236188288880789,0.05188792424185673,0.07124075999576121,0.04948744210806955,0.04804849708000642,0.043753248343019024,0.05034733400524105,0.04339654546631524,0.04737004105989517,0.05087923742036462,0.04963603939766501,0.06203251548613457,0.05261002914607578,0.052444696763672326,0.04793685203749967,0.05382422630702214,0.045569730849082,0.050320384802267,0.04776869118565668,0.02908392141558792
27,0.04007128845426392,0.0504366421702653,0.04836172073655811,0.05015314458182853,0.04854176915330235,0.05823879953929509,0.05049445311401024,0.04972942224352197,0.052065082648752564,0.05555306096624333,0.05487875628793271,0.05171432717778193,0.03943519214798078,0.05511257098461802,0.05630281813366289,0.05236571390037955,0.03929780851039199,0.05263556928512738,0.044754205305385035,0.04985765465869837
28,0.05093841685836065,0.048367794226794984,0.0572874717454317,0.04760289883206937,0.04964707377295655,0.04789624582395923,0.054154572535597016,0.04284452172783596,0.07443210470995053,0.03013210620296292,0.0505329008142536,0.05268516246563141,0.04865037417627064,0.05103619856930392,0.037312692693010664,0.04728630772552928,0.05793290958001063,0.0486968368766974,0.053502454679859424,0.04906095598351412
29,0.05132503970858918,0.04770406301804935,0.051975528451686966,0.04757298135780999,0.0596773354424379,0.039408392687027456,0.05990221672986744,0.05149729756861705,0.05422438200845412,0.05741841615657181,0.050663413916805816,0.05093875190158242,0.04763975721120293,0.04646814349555026,0.05096156774434736,0.047288878485052366,0.04185738856037485,0.039359179190883435,0.04907485642346585,0.05504240994162348
30,0.03601526882409358,0.0298764802864091,0.052625038302194116,0.04423346156675693,0.0395790205161896,0.08736065206126176,0.06632586227419007,0.07877218301885583,0.04318285807160535,0.08578686597658312,0.0386733807164569,0.04345310558541108,0.047133241795467115,0.047595981776574,0.04804980699865224,0.02089426690590487,0.047978887312713804,0.04894295160929085,0.050095276781599286,0.04342540961979039
31,0.05374438501297226,0.05150118138259988,0.04264590164442944,0.052997952287988516,0.04892048380495278,0.06514194492309827,0.06292568138086659,0.030901347358322295,0.08150692739209528,0.04239964756921055,0.04305671038630183,0.04758596953250485,0.08060910125089465,0.06179540132845063,0.03229063108452035,0.0418529046952676,0.029595988537952162,0.030367323270937056,0.07583138340195314,0.0243291337546819
32,0.050416231545745885,0.042953072507193546,0.0213955883127807,0.04196656308789182,0.05550795340511777,0.04052119665979601,0.04521483077613686,0.040493294654705886,0.07908598289864223,0.06210673775177456,0.043576061872680316,0.05080948368423558,0.07077471942321947,0.061363175926525314,0.05528666198872085,0.05674555015776678,0.03798975311440639,0.052739667837273706,0.04478861327247196,0.046264861122914364
33,0.06503936905278511,0.047975330833683084,0.05438866798949702,0.04119163894220623,0.04134023694302397,0.05785241978315906,0.060189455471840285,0.021154462943141147,0.029787744785058686,0.02672262567938988,0.0533960409846387,0.05726867165620032,0.039759274012545545,0.04912632757530964,0.04190858441086282,0.07635062073242033,0.07541291499600099,0.03939874386876814,0.04967077172026007,0.07206609761920894
34,0.05108711040310263,0.057570573079702266,0.02938872849618743,0.05148109905830934,0.06611499155853086,0.03267649086938476,0.06470501405451548,0.024194235826243544,0.0926100816187792,0.03005332708552222,0.05525641442789675,0.06989812092528634,0.02526390945740141,0.06312991533028993,0.054912360868538033,0.04466935708505234,0.05775300055101761,0.033464780309532594,0.047802684755903116,0.047967804238804215
35,0.09256550538193403,0.04204736169504696,0.04907020390218855,0.04558292650432076,0.04543528339869668,0.0769238121597827,0.034497338327373804,0.060069020272089074,0.04185272953884407,0.0396103379284437,0.05789324891531416,0.04261739361435389,0.042706661276130486,0.05874999463687095,0.03106092718976995,0.0587727553440811,0.05632194572512361,0.04334265462200839,0.036859335910400914,0.044020563657226265
36,0.03221230217500467,0.05346872065689725,0.0536869972841973,0.04299986488841867,0.04946112149443621,0.04022329788272652,0.03727989331716031,0.04018519313335838,0.024890528463842067,0.019797520146105103,0.03741947015754258,0.09597406604752652,0.0733623294756217,0.06501012913191988,0.03565378605174945,0.08332945286786718,0.0823652309237273,0.046690609640869525,0.04540917184850055,0.04058031441252887
37,0.03080911585360845,0.02857482435522725,0.043335427566469416,0.038022235802198434,0.051240581142845305,0.0609409578015333,0.055562998888242975,0.15184846567205856,0.031777760750505,0.07060627426131076,0.0880994292785549,0.04001137629238777,0.016474433377861964,0.038133263421543696,0.02886911476169917,0.02613270147074634,0.038416945579314736,0.06990927892707514,0.04952029828535106,0.04171451651146582
38,0.028789828047486837,0.039454620901159115,0.03144942005210913,0.02494465783055064,0.08642402396024511,0.022813688056439543,0.08238375563332796,0.03559133707274584,0.0378140668931525,0.09520016554952128,0.08542694609493022,0.049333606186672964,0.028911207616836212,0.02977225900887967,0.040218936861884165,0.01250769601267329,0.02436473479790745,0.029072439270294164,0.10778805659297712,0.10773855356020677
39,0.05658126266638099,0.03818422891800431,0.03941037811637455,0.04651688717580788,0.06958106125173373,0.06424566773007616,0.05440880370782277,0.07031229079504846,0.03819143230854165,0.031464231499567244,0.04479096438542222,0.05468881456201572,0.014143770856955624,0.08312407320868412,0.035148170225116286,0.06622419811084136,0.04738296450427215,0.06497543503929798,0.05403984969089346,0.0265855152471433
40,0.046697465028615104,0.047567287387072416,0.026626469700624097,0.05570311981365398,0.06452208298917922,0.06073966750933715,0.03150478298049203,0.04796185633638353,0.030548378182958056,0.03601674087764357,0.04826427813564462,0.04368915249613622,0.05477639432044877,0.051426139758736736,0.040169313850095534,0.08573203772305815,0.11019205726250092,0.03990534061628215,0.04515254205343313,0.032804892977704635
41,0.03519918226659795,0.04544075184340048,0.044422486386668375,0.05871867468729655,0.03368175427767757,0.046448436527859516,0.09972697631861456,0.03055924132631675,0.04089487949465218,0.039847787103189626,0.05812015198701501,0.048406668132702085,0.06737614391409168,0.04265439447910754,0.056690127675835825,0.05764566243019058,0.07245686384417695,0.028314276711797363,0.06380466283399795,0.029590877758811463
42,0.054109118534789724,0.04455915455969441,0.050627937634379006,0.03419195415075716,0.0863368456138303,0.06661636398761274,0.026760720833424723,0.06062524496398952,0.03750547452632465,0.0892947417629024,0.05940567898826344,0.06395682384944844,0.016098044439952757,0.08132132951800904,0.018122026258581357,0.06146776208434593,0.033123452818174685,0.030448422001773206,0.04638156117204467,0.03904734230170186
43,0.047592574502401806,0.173801914262616,0.030869154111720875,0.05820428451384855,0.04104479626561913,0.0331961815277063,0.029668222346252937,0.04549883736853002,0.06922524273038339,0.03142242751873947,0.043598787075663364,0.06392408704471572,0.03835717857060356,0.038526292599823035,0.029312636648845595,0.04836271255735145,0.02205116578766436,0.04494211392588093,0.060488990565285825,0.04991240007634773
44,0.06441127870973765,0.04974835485729639,0.03209124561849807,0.03448451715421071,0.054355799113388864,0.02015844797940949,0.01912469487172486,0.09126036011889592,0.030823626731279887,0.07114253913412225,0.0598606751099022,0.05721147184101785,0.057643829108664564,0.04376829618812151,0.014578693228729712,0.05224865458233408,0.0785863520759355,0.10844214565566772,0.032604639549548266,0.02745437837151456
45,0.0868014512297614,0.023229885997979902,0.0535073557215808,0.035400452915473765,0.040392689593952084,0.09088095017447267,0.049783821815006415,0.027646031157037468,0.048681788341462064,0.04966473583068592,0.044191118233371615,0.05378213153992351,0.1157901240978596,0.053332396743296116,0.021558906402959127,0.05282482609442876,0.04418147060640707,0.023872957268888616,0.04004802495464694,0.04442888128080614
46,0.056813125747760485,0.056138617671022274,0.018154933673727815,0.034660226350345165,0.043070634901469965,0.06258138370323962,0.05903039309280705,0.07423972708621117,0.028487684187041163,0.06411707922307633,0.07196165428403899,0.03680425621399674,0.012281080232767869,0.06336324642324412,0.02525995148791264,0.045588213791061136,0.0483180597098057,0.06978379605520167,0.06969480971165824,0.059651126453611876
47,0.05096117154252961,0.07771586144889484,0.0622730228686042,0.039829501757358256,0.04146057682512193,0.04590983247399008,0.040318449145591344,0.06201733090669074,0.05688260796615289,0.0723499532224815,0.0448259826824306,0.04689203102549643,0.04040395233256122,0.04734133340218396,0.062217727841786315,0.03996554291361302,0.0254936091628394,0.048086660456716536,0.0407174984421823,0.05433735358277486
48,0.0601571114833843,0.032175705830856875,0.033610360759133116,0.03687880952410645,0.07301282642075102,0.04244891627949967,0.04627635495539915,0.04934186840834645,0.038831274507348,0.049780987998014815,0.04862646459518896,0.046982938441544136,0.06755642665233515,0.08478290308799462,0.03494894124452009,0.04800776238339235,0.06007038972466165,0.05975808630715409,0.050229342696051886,0.036522528700317226
49,0.07092520436675692,0.042642163332055866,0.05778619942171211,0.07731077418781794,0.054103016251839935,0.0638780681293355,0.05574330137152786,0.03653307213971666,0.034963715051298534,0.05169241512475975,0.06966645067194037,0.050301605754547306,0.01070982672842323,0.04917404031943185,0.044965586818029264,0.04993126387070032,0.020207752209707268,0.0360025331741138,0.07657817977403958,0.046884831302245966
50,0.05148407333923949,0.030144052354720587,0.07520120768935777,0.0818976356229003,0.04907620663816322,0.04757110139594122,0.018161850652707742,0.04623596374686706,0.039730201287259966,0.06340906053581763,0.03990828656730755,0.060543964835346326,0.04741252709596419,0.0563507534587757,0.029416723285677418,0.049529178647937336,0.06429550760971509,0.06931601855603131,0.04140418934160505,0.03891149733866511
51,0.04870609322012825,0.03313116717391317,0.07595613058878961,0.04759031177181042,0.10420194042524752,0.04058638227949013,0.03911113646035744,0.06787339367275166,0.014745625171756113,0.06569718544561028,0.05161968016318397,0.05031404469897774,0.03391954781256595,0.05248752233767715,0.047859765089356535,0.04396072410129551,0.041492651425348186,0.05427718675849783,0.049325475628372334,0.03714403577487018
52,0.090750083627315,0.04074514498982285,0.08689878899109398,0.15579192962876412,0.041752835629845775,0.040808247172953116,0.017412372965638887,0.029600324318213144,0.020196070550353645,0.0347384408399957,0.035075202868444406,0.04220470931855038,0.03954843038934847,0.07409908542642969,0.026917393904235132,0.06612087403544807,0.03311934937893129,0.057176100924384035,0.03014143425980062,0.0369031807804317
53,0.04734560202103963,0.0543072950319804,0.04870650207977372,0.04627706551565406,0.03762697835680192,0.0442747295470457,0.06546137415374101,0.0638896491118947,0.03272532064407747,0.04098934932582296,0.06021531849925516,0.020851978899278884,0.0222933289377268,0.06172078559539244,0.049547891009715635,0.05359066684957458,0.05983549464258825,0.07033431726262314,0.07108305408600707,0.048923298430006416
54,0.04747719677158509,0.07168428536081688,0.019178626381632088,0.03992889670558974,0.05076473439811916,0.03590708089451313,0.07134550897241719,0.06810990603858459,0.02052839093154568,0.048313442040082456,0.041021399738432496,0.05228874662150421,0.05184907778757394,0.056826681797395785,0.0629294143988709,0.05822817976879632,0.04047853179935223,0.06172316358833226,0.040844488061264436,0.06057224794359144
55,0.036389742744535575,0.08441256421727007,0.0524986228981886,0.02631002008298813,0.037514496987873326,0.0304442551000301,0.0398953190520422,0.10180126290304296,0.027613617980414246,0.11916871990613748,0.08043143839805947,0.036935730372079714,0.030862613467042343,0.06344577566925741,0.023669425542883097,0.03666497724025206,0.03484248137351412,0.0682297736496336,0.043314122313623166,0.02555504010113231
56,0.067210606470141,0.03704811472584245,0.03333272114861867,0.0566545901655263,0.06207577257498933,0.027622589747891963,0.04653726505870085,0.02863948741153824,0.04676292227330638,0.0691502773892334,0.055683335248154886,0.03721278369341415,0.05440097408990428,0.04207033590654224,0.054104013704703656,0.11114240423737266,0.041831028856571584,0.04798433577052988,0.034205245443622974,0.04633119608339509
57,0.08289079346036553,0.04095262556843287,0.04294125261804088,0.056564536307432765,0.0469418300346858,0.07138676151163577,0.08298491971748335,0.04909543446420602,0.045340683631688194,0.03922222336882482,0.0378242242528777,0.07821964990761214,0.048373838733930766,0.03707322310013175,0.06413952232085808,0.03790532219486841,0.024823947917852352,0.030769788170100936,0.0418013245504577,0.04074809816851421
58,0.0322396895753839,0.029139675732183495,0.029028777227150176,0.02575827277025491,0.04662625963715094,0.030483832753154732,0.07427586678521121,0.07237666209742362,0.034617330899419915,0.08255587224116571,0.053050292961224606,0.03180441572740411,0.03346182756048241,0.043798875463460056,0.05318046850536861,0.029642811424598407,0.0613235218566218,0.14763412402542614,0.044518817176619915,0.0444826055802953
59,0.0615937630263953,0.042123319138027436,0.060425713837670675,0.06201317098617792,0.04954651396132003,0.05564113951642538,0.0388658376631583,0.04293897086413477,0.06333789189813968,0.04844592128577055,0.04059633003999396,0.037524836053111715,0.017422118030760173,0.05645971179129999,0.07840692840399797,0.05128243200181145,0.06646319351623013,0.03517903773058506,0.06013467724157029,0.03159849301341927
60,0.08434211112076569,0.04629508388638052,0.03697334153066143,0.09171910170865548,0.04522709814767312,0.02614704998111345,0.025152613084309387,0.038249818750123975,0.0274676181146723,0.027422636653331486,0.04643473247046696,0.0228564998086112,0.02393161419169532,0.06368147794509807,0.03352074561321089,0.09501895245851506,0.07955889463933069,0.061985995902882236,0.057206372280231586,0.06680824171227116
61,0.041182090011603806,0.0473955416200925,0.0490230436779936,0.04760955152487306,0.0646911829464653,0.030904458764894283,0.06658426126799022,0.04523979603136315,0.06913320986215493,0.042746723498114036,0.058313167701935516,0.05610470273110391,0.06758548525151882,0.06885448705236365,0.04173744452669862,0.041633802130510364,0.04076361340848204,0.03589171822304523,0.04876979421570669,0.03583592555309033
62,0.023134717737105556,0.07882142087621738,0.04619326485173336,0.03906864004338576,0.1564297953220013,0.03920275820903212,0.035732622833374215,0.043035122562377986,0.037489564604240806,0.0637325495810914,0.06921982027817235,0.0510196795233628,0.04293053598025672,0.03757984107676375,0.03183464557046794,0.054329936112533186,0.026455362657732837,0.0390352275537729,0.03863755649900758,0.04611693812737002
63,0.05255525558230823,0.037529147540647886,0.047422930874231946,0.07669375103561589,0.05988536679459658,0.053470356419029065,0.05352792841438151,0.03694375771387906,0.04636810928846966,0.0419016942284726,0.047353796958689916,0.0876376189440309,0.031203090106736157,0.05572976863387515,0.03700610603464835,0.06996121377722407,0.06143315610577658,0.025034563899958683,0.036061497013379684,0.0422808906340481
64,0.059554893727384525,0.10688924231278096,0.020900473799299074,0.04122893494008728,0.05484625286877117,0.055870958686515315,0.06663793235481133,0.049794407012506335,0.04071749253886825,0.07135619940718119,0.08545458507517423,0.01847167064246145,0.029084889370860807,0.009662445994659732,0.02243932170623729,0.07376830094465787,0.056260707241154194,0.07942570794251691,0.024304726032812845,0.03333085740125929
65,0.05421305569598407,0.02182257014372324,0.05539166696061467,0.04331930315911847,0.0961342544513933,0.03459230543555992,0.08029864093286321,0.042356014076040234,0.02910130373133512,0.029173593672520582,0.04983343948604998,0.025478846868865247,0.06441143772294783,0.0418729643571655,0.037704331828230825,0.017851303540017908,0.01827062576229131,0.05929771496906747,0.1328524478503547,0.06602417935585649
66,0.06611958124971487,0.0594609235469061,0.0513172646676389,0.04767360357348496,0.04810840723144957,0.04727229203174161,0.07533421528510202,0.0471866808013028,0.058867515121877725,0.04416585322503258,0.04344151741249369,0.0386572676256436,0.017685865233509786,0.03627389972100726,0.07138658576519286,0.06490832689973093,0.028411065128387782,0.07446936307532565,0.029289832046113743,0.04996994035834353
67,0.03856171750407721,0.057803830789394425,0.07460080236698043,0.04324218148582774,0.026419046347416642,0.038147868275419536,0.07203035288503723,0.04161536046576713,0.033923105324657116,0.06600730848146145,0.045555715628552325,0.1322826511042672,0.05029306452635512,0.02572102391179056,0.016812941833767386,0.09195996173519932,0.04347583049545403,0.02657061226569815,0.031480245658748365,0.04349637891412866
68,0.032511852580997175,0.03191370980281923,0.04187772612593,0.04480583880643322,0.06428572290573546,0.06542323153279389,0.07603051363062603,0.04447937686501858,0.06281222352011051,0.036816801710804134,0.03369595136307226,0.047905205112693486,0.06307410563901376,0.058648983173540635,0.08744363325571401,0.04051613656842568,0.029201333039031663,0.0337898677759669,0.07228107356896292,0.03248671302231044
69,0.03954441242306714,0.039770140323462114,0.0333058855195077,0.06014189206895849,0.07337126476227611,0.04671952789440375,0.02891140230730262,0.037853044394216405,0.03596145082456553,0.1000983658111725,0.15787053630351866,0.03797253805432938,0.02966973436353265,0.029751848193867825,0.02615491067748053,0.041512253841759064,0.03631355286606119,0.07294607595170984,0.02848552216839865,0.043645641250409865
70,0.061750217509965635,0.0677283456771421,0.04239608548616197,0.04539761208625322,0.035723547178286665,0.04584250456132447,0.021493408476601385,0.05247659923872716,0.034775411412491554,0.052973646677791766,0.044432029456788716,0.03544069708054412,0.05102156591700991,0.042024539236263946,0.03651429387924133,0.05971924750352828,0.041427127699616255,0.13669948709700036,0.046208257708013414,0.04595537611724778
71,0.0374562328414251,0.03961333855988023,0.053774816110908064,0.07295505405058775,0.02682221900022949,0.028919239101872093,0.07374837297185859,0.052020555171053716,0.05126519250048788,0.086595145928195,0.03655673721317138,0.04790877625254227,0.046816250152638426,0.055732550522715335,0.05206443764028429,0.05092609481496888,0.03923874238595645,0.026261423689868973,0.0555761481071268,0.06574867298422925
72,0.07961252585585925,0.04119648008677161,0.0713283425054134,0.06672672319858425,0.0411486968503689,0.04592551411184071,0.03321155691227825,0.04171253870878284,0.022094392931811143,0.040011962614592514,0.055274994321244116,0.07550685503829949,0.017628996060950388,0.111700209270886,0.032689256976666935,0.04049283953160774,0.06896452782060604,0.026803983589197267,0.04502654949016209,0.04294305412407706
73,0.0515872622669617,0.039392329663707946,0.04299996206673743,0.041229304966268365,0.11536875752733332,0.03363031401478202,0.02274968267112521,0.02383825155578066,0.05564680262384464,0.07945899641993416,0.13262880394483073,0.03421377889415763,0.017434106453917974,0.040325234619148005,0.04052555885882884,0.0222890876760076,0.031216404492638544,0.04928502201931575,0.04869707365139045,0.07748326561328905
74,0.050554770657482255,0.03445747633262746,0.05614700167996031,0.08504848955035117,0.057199329094154434,0.023578446615489468,0.0707778314275309,0.034408337366315274,0.0529445482443578,0.05497673870856686,0.0681101886769445,0.05000276799905275,0.008260453540504241,0.05948206769840169,0.04898398568884951,0.04359696508174685,0.029486697279593237,0.04853912799299866,0.056488903419105924,0.06695587294596674
75,0.032488789296423584,0.04007798198822,0.04546600715230637,0.05323318487959957,0.04874102077636281,0.05380810600127667,0.041009844797085734,0.04005355077701319,0.038170336766188105,0.05498800933783693,0.07872360358946251,0.058931930870009724,0.012211687768163684,0.05875031548659958,0.03883799869299639,0.0467588799133814,0.0522086478571635,0.04935410801049951,0.06366874784803155,0.09251724819137924
76,0.022855108014875947,0.04461720522878155,0.19557151519964688,0.08313837369109534,0.030445236038564125,0.05111733954340375,0.04382741075511053,0.033425875593275166,0.035005304428422736,0.035294085596191266,0.04642344212160207,0.0596259995677737,0.029349692300696863,0.06156227223977676,0.046136933283714786,0.03177951812606148,0.036515203530316405,0.03893475334009917,0.04575802683328443,0.028616704567307017
77,0.06341802827411985,0.04112467336496384,0.04653910430955402,0.0225068641853132,0.07433072812324078,0.023852061937402982,0.02996490776546805,0.11599260774393838,0.028093006640894883,0.10554059621919187,0.03821253736478477,0.024622335745287317,0.018403258478858257,0.06115027821699024,0.04488596457144679,0.02702828094546777,0.09702565784568104,0.06482678607085195,0.027648824510573832,0.04483349768597016
78,0.020725833890082708,0.037765948830727626,0.04607912926604157,0.07900490194202482,0.029889656523277824,0.028081263567904764,0.025046962389575784,0.09907124858095467,0.04378145620897062,0.10956254809939356,0.07644692386153425,0.0607157240092643,0.02249531457419642,0.05154504466851592,0.05546961382357956,0.02823471201221885,0.04568660739535263,0.06784704085137806,0.03911786631521304,0.03343220318979299
79,0.08989101129575937,0.03996884836734937,0.06820941285133872,0.07115576190340571,0.04817302954006946,0.06385332253643285,0.04829883102016732,0.044691967416997165,0.031473783077168416,0.03699811333179346,0.06784169315958273,0.0899679235630592,0.011483554117220532,0.031415745948353245,0.03041831170837192,0.06505062253593998,0.05821365178782877,0.026413419351404302,0.02390165485533391,0.05257934163242359
80,0.0838842695260165,0.07748298962820663,0.02811221633681729,0.03465501842377575,0.039615615446433834,0.03424563761432939,0.06581448599619888,0.033823314754185894,0.07328223633687246,0.09482937014979546,0.030596061781368807,0.03913835833186114,0.03587010593282162,0.053783822023452436,0.022616949678757402,0.045629199503705836,0.05351166002796737,0.07373828802249767,0.035254645183586716,0.04411575530134895
81,0.04064466146590043,0.03430367378812435,0.033063200833846916,0.021709063676115428,0.13026582938648976,0.024858992777414258,0.03846696071518491,0.05965571875929896,0.04521771800668086,0.05058966212439051,0.030743919955903268,0.045593605349229405,0.01747104189306517,0.031567257128607105,0.04919174208506335,0.04022966333885456,0.04288516782172597,0.05274551239395862,0.1534995386260718,0.05729706987407435
82,0.039934237153366414,0.027155381108902168,0.12420814875941845,0.08268173599450213,0.08376567685708629,0.019856740738150292,0.04911979240968292,0.038565979204042734,0.05245649088685051,0.02378744931732308,0.04554806815830937,0.03963150953322886,0.02923115334722466,0.06803998993710092,0.044519583668264855,0.0427377322088018,0.043944608869794816,0.0346707559246311,0.0367892074275344,0.07335575849578417
83,0.06172238653519373,0.058384151281065375,0.08347543807268427,0.11100397310796843,0.06586779738774562,0.024542317070007143,0.03350463146432961,0.04186871956187404,0.04516718059442685,0.03858991641185084,0.04617561967343384,0.0927312028245623,0.009763313191253214,0.06976683947126726,0.014304173189355375,0.04120459837696271,0.04540260349253685,0.0333626109976874,0.03412253097450201,0.049039996321293085
84,0.11712530487476233,0.023841124480506643,0.03401187058911415,0.0826807898459479,0.054164011749156235,0.0823142602133158,0.03412277665021484,0.045674507630248544,0.03232322753573585,0.012650505634768048,0.06481783512216717,0.01759626243540964,0.01851787672419513,0.06339768573234278,0.03651822049532998,0.061895516915350064,0.09861931180919001,0.04504286259122423,0.04377305391869877,0.030912995052321906
85,0.03502554196212826,0.03569552342813462,0.04471729516540357,0.03573339583860533,0.046558763055801165,0.013508430935354448,0.0429783526227962,0.06722416663093217,0.045329387719670176,0.14194783139196268,0.06353018909481489,0.03569627060731239,0.05162277666110282,0.03221951363679085,0.03942614513279995,0.04115472232334999,0.07594196942413396,0.04553792243260125,0.059268738536212985,0.046883063400092295
86,0.06673014153944364,0.029820258915624693,0.0477241137341964,0.04841705454516173,0.04585648753703567,0.06520703502419567,0.05053545404927418,0.02195276854759764,0.05220932186270322,0.059162241755500326,0.05197163247164696,0.08006673171488153,0.017889496311644038,0.05761192243507764,0.048283389528246234,0.07751198228864375,0.05468214513585862,0.04007366033899897,0.02647112185275237,0.0578230404115167
87,0.06032195690876865,0.03633543671226006,0.031027531191769157,0.05357000986932547,0.032021569423305765,0.08512509077898582,0.11965322434975395,0.0234529672406156,0.03297532589437612,0.016711204435865504,0.025267944976480255,0.04136760394409917,0.10820116047818627,0.03966659615685138,0.0239091925875302,0.10023179671692138,0.07297420658973065,0.03354544701440596,0.032722060000407005,0.030919674730361692
88,0.06951002101136129,0.17546915306460234,0.05537359597894026,0.04912428905737575,0.02662128825575627,0.047935215193881366,0.034248797543786215,0.02933303392518378,0.025310595203401117,0.0388511410221196,0.06021667137819677,0.044860329203728816,0.02192075734234265,0.051183287051299965,0.04612527744533968,0.04986951940802944,0.03211947086367814,0.047804372320184765,0.05184254561534565,0.04228063911544613
89,0.04921312739483025,0.028553561783190313,0.03635089161124848,0.020432492468077344,0.09499804936721534,0.03146315723861952,0.029920703568574188,0.06799252308154302,0.056231947276938976,0.07534665253736532,0.07157079202662882,0.02675960281850397,0.02700039292475573,0.03703379455600745,0.04182648511720608,0.022821373970739755,0.06729559687210196,0.13516502220381155,0.03897229286079989,0.04105154032184203
90,0.0576408356572335,0.028038471729077863,0.0429833472385907,0.056070150104974216,0.036345300762637374,0.03272787833278662,0.05427961992353775,0.025326431585461332,0.10829835115921932,0.04568679599681835,0.035863900435694644,0.04416193151292045,0.02470393389499837,0.07362643501124806,0.06965546968907288,0.07072498338795774,0.043556450859151885,0.04954715762136321,0.055451336948223434,0.045311218149032266
91,0.02365394057177989,0.0438107491989668,0.0374246373407364,0.05297179292971845,0.05988065735874652,0.028082509938806958,0.059812416442099774,0.03565326248493072,0.07273159953294041,0.17993325520483713,0.05865499233283756,0.04555810840027282,0.032603900753691406,0.0342869329290138,0.0244371170355201,0.0448729520023076,0.04343025770415505,0.056177344034262666,0.033825118387346934,0.03219845541702901
92,0.04264483091976631,0.05980599586166329,0.03406684110621516,0.0630850818550686,0.057357755840929975,0.056939979305397626,0.05776776718616771,0.02122255427429806,0.05684316870638206,0.034493012115677166,0.049514718100128384,0.02683597360742357,0.01962408760140685,0.0535303827496211,0.03441395651235004,0.043568642228540434,0.12749132053941714,0.06298961526402297,0.04556594478463577,0.05223837144088777
93,0.0594397155739964,0.03999686466588327,0.05921111403608743,0.11037637864317848,0.04970297237354252,0.05189871763831952,0.04996830661046306,0.040141101286904686,0.03146151055573405,0.03756043121117535,0.04285042236406228,0.07487645497162089,0.09094899427462423,0.06386259003697442,0.02290299114876096,0.022138770274979902,0.03002540719705217,0.03656801551201955,0.05249105391518491,0.03357818770943586
94,0.03402114844148218,0.040879944875890965,0.035813506343911825,0.048044700268097484,0.05037316262845561,0.04105172613163279,0.04769971806182149,0.05226947362254341,0.06987025412826584,0.16376238716928085,0.08340496328448359,0.04214561453089912,0.035103096947119994,0.03202399442586105,0.04335478726607,0.02327022116880395,0.014850191102856913,0.0544678857400302,0.03618936600624117,0.05140385785625159
95,0.03035425016139816,0.20706468336349,0.02809459126641244,0.03435981189403488,0.03741900108745913,0.03885358040026702,0.029480152721836364,0.03382079720307278,0.06911142746120122,0.028249000144907745,0.03149995659982968,0.05955851803209125,0.05738270826096945,0.04455234362423873,0.05958147692308971,0.03517290903571872,0.04431624335343915,0.032118435928005715,0.057026734687622024,0.0419833778509159
96,0.03796684390610492,0.030019544722408913,0.030175209858270213,0.06936615203464093,0.05226402811436615,0.052835634212221885,0.02277200952646376,0.08090255564232944,0.04384510184219487,0.048829697282034915,0.035876171558060374,0.05051827329529487,0.041968005361450296,0.04210161753727786,0.02248848609264641,0.0441870623074451,0.04435004783278363,0.1629975465736728,0.03821995987453156,0.04831605242580109
97,0.031137426967466544,0.04147545486310795,0.05918020704748996,0.03441855581240785,0.029102588889884082,0.020492003901372558,0.03125399898520718,0.04244522116812891,0.040854866811453366,0.029843165447373667,0.04588757561108794,0.03500547407755545,0.043345075527535866,0.04145939954441257,0.05470799969917837,0.05548219121889267,0.13229998969406084,0.08868828950115172,0.09143623476784947,0.05148428046438303
98,0.03938342263543098,0.05477856237106643,0.018692272752661013,0.03334428221363938,0.04356185752883381,0.020768547227270742,0.03277068610849334,0.05215354200487423,0.04882458625589859,0.16367440418489512,0.08611198907074041,0.055677322577399935,0.045734388648846304,0.038666538045215686,0.05395007551158152,0.03390361014360762,0.011312056214583656,0.027375168722192856,0.0866201773559947,0.05269651042677368
