site,A,C,D,E,F,G,H,I,K,L,M,N,P,Q,R,S,T,V,W,Y
1,0.05196817030023326,0.03197371634287227,0.0563793028511755,0.061968865002329065,0.08322788073779601,0.049413869090679824,0.054037202791528634,0.05089273507356105,0.04670482239404599,0.043531751034321435,0.036850556787060014,0.042006669756957465,0.0427657654124757,0.03875394666889809,0.049422155289568885,0.05222431572657115,0.060596181356962237,0.04805673842964426,0.06116974205184384,0.03805561290147537
2,0.0368450446991486,0.0372154591726362,0.03956147455855141,0.05678979700957041,0.04319754918469832,0.04213291305106169,0.05764033577708235,0.0494048985251145,0.04591267176864868,0.05720792321854681,0.0691802344522697,0.05640547016089284,0.046497037204517214,0.05525549007423453,0.042326805130497185,0.0518591226129467,0.057703075701702335,0.04971755392145593,0.05174882840311642,0.053398315373308185
3,0.0838629918296489,0.01107606205975605,0.018104019895630857,0.03829003701565512,0.05519273941923389,0.07086158506500574,0.03141548741661929,0.047940696893608185,0.046084389652171515,0.07083014476449623,0.04517053260396453,0.04281846156911332,0.040998276483435764,0.0596421309797821,0.034753347945825,0.04604196064869478,0.055092974295909765,0.0511003863555593,0.05915422362613374,0.09156955147975594
4,0.010508288566391912,0.04665245112092285,0.018129536366324576,0.013938258098039122,0.17493340745830632,0.023111395662079686,0.034768685052119296,0.01601206601306535,0.024358541168826936,0.02268902932173208,0.038642764307914974,0.04339715178725218,0.010115094335654476,0.014273127613801872,0.017719608475085243,0.012697006425763309,0.01647959853046578,0.009936283946635364,0.2673328926156933,0.1843048131339254
5,0.12482086355540807,0.05408522481310712,0.019004330925530968,0.017745985891075063,0.05739178532806183,0.011725601480754334,0.016991193622762833,0.069816985312935,0.008113819797816954,0.02066079195369128,0.016212705863369575,0.016175531989943846,0.013464306925842108,0.012114004631945596,0.006788990222370682,0.024655752762471204,0.15874512830506826,0.2779309198215381,0.032664800923135034,0.04089127587317228
6,0.09504265249077147,0.05434741405748598,0.023687279189743272,0.010386835679566069,0.02251280148789979,0.09611276382763848,0.009732310058332451,0.022006742530650276,0.01379721079527887,0.011757176847741338,0.04663839307911957,0.0794613122111867,0.017664521307334133,0.011208259112146688,0.007120833865617436,0.13563465218209922,0.2436294033305374,0.040756734637483534,0.04845128374210481,0.010051419567262557
7,0.040466935369770515,0.03826070605432312,0.039002753438659714,0.033245522177190984,0.028785928703161982,0.019964454987564464,0.016826674111121,0.06465139509736313,0.01999349143499601,0.05794257038765649,0.05010737996113862,0.031459503598970213,0.01896906667064109,0.024396479074014026,0.02346652643187101,0.03430734631165038,0.027298575725256145,0.3622368421017168,0.05636513271985207,0.012252715643082343
8,0.011853861132559877,0.01920233807304331,0.01658196597253205,0.016726601085168824,0.22323741040246428,0.007820484724783928,0.06421213008375698,0.049727507024415085,0.006663119881619471,0.06638093343477251,0.10425934405365787,0.035822029102844016,0.012595614419314321,0.007755893791706359,0.0075697480255009645,0.01092295087030217,0.007017924960739369,0.041634706564532775,0.06030294502282951,0.2297124913734563
9,0.03234030905074236,0.04225795780488858,0.020740483122239976,0.023922279183337558,0.13077903893423048,0.01897507019949117,0.036246895627502544,0.054407983200000336,0.014841482908665262,0.014397256105886809,0.05045088795108029,0.03235923445668597,0.01781681265280737,0.011549497927826636,0.012384711270442134,0.014302439693689547,0.028752835538589695,0.047135535608488384,0.08252911501483717,0.3138101737485677
10,0.08035646949251206,0.016218115908559542,0.021844249185711262,0.047190925033958483,0.019714705989486242,0.36950364439155775,0.0228010968471677,0.02561722886947741,0.027476104288727404,0.026219538148967242,0.035260558412006864,0.032148544204854766,0.07864508521268494,0.02456668086691152,0.06422990187797024,0.007833725705388572,0.011526342290110634,0.03543690951702067,0.042353017129285,0.011057156627641793
11,0.044665281888913985,0.09644850100934772,0.01804807346024383,0.041539488793080864,0.04161670324926335,0.026407557729103647,0.0147715216458743,0.16500072582129766,0.0218630461934106,0.023994662111782653,0.022665172950967597,0.02765496605725934,0.011199133465284915,0.01605109946721098,0.006800484875945187,0.007529415180252648,0.07322096615291247,0.2830592111251569,0.036797531049012656,0.02066645777367876
12,0.019710121575356843,0.02798972694313661,0.014091245942882932,0.02708208662248957,0.04620611332946342,0.02345686050019565,0.04653325994546766,0.017591464028139242,0.012600812295758969,0.02694898942335401,0.0345392858724766,0.014574791936666259,0.4387133335455379,0.021737063880182414,0.01410437569263145,0.0791699747536951,0.03947449310712977,0.030022116928768564,0.038197519513879286,0.02725636416278782
13,0.07380276931031145,0.0453684441968252,0.004626169933092569,0.034995323342125934,0.014984150080717731,0.018724351673745417,0.00871644412926008,0.14029115849205845,0.17271800992884465,0.047947122808638325,0.030942713611100757,0.05168351332462493,0.00447842270986019,0.056983632993719,0.02085679766076705,0.07286996575146769,0.028934102507840963,0.13895070711948876,0.022882248939777503,0.009243951485733364
14,0.01408882746144148,0.05040528211925899,0.013912316331349815,0.023190897558866105,0.22470881136453427,0.01674986247251526,0.026056954869220217,0.008255725257942105,0.015602733593553929,0.020593277739565718,0.016307217619769502,0.01686943117903358,0.02523748451784516,0.03078498248309869,0.018273577700188462,0.01668881352034107,0.008496250019733495,0.030152899983180687,0.2466830875609474,0.17694156664761396
15,0.0547559277572656,0.0461566125933277,0.05406577638045516,0.0794071776761764,0.04061118848469682,0.06972729934140537,0.04666638632667925,0.03584177321406344,0.06650899512311957,0.05441294309534723,0.05082933559938882,0.0728516095840094,0.002689394691932643,0.07013381832421421,0.04820840654195757,0.05269253337940232,0.06216938575409911,0.031108881672730574,0.017603883099475595,0.04355867136025327
16,0.08669939599477794,0.009136795945285369,0.09439292867950283,0.1012385645653096,0.014578741605153525,0.048381499605522765,0.042589744202851235,0.023570855831015453,0.03704699415881679,0.014702371339276384,0.05186477759843544,0.041885097437080535,0.10445121722316517,0.06670725861596925,0.02567427119666733,0.06189087429918307,0.06505408952463974,0.03276131334391244,0.04385752884258581,0.033515679990849374
17,0.1083709308279957,0.05830244630495623,0.05464409727787009,0.03583886796673488,0.06501857144854845,0.08979332207704817,0.04167924353974948,0.04373854616349565,0.044498416331554914,0.01876391550844414,0.03421250015613258,0.006583143757443171,0.011611453191773384,0.02656702833611345,0.020922957407428076,0.11990785896416233,0.09209981953304183,0.033159351368308734,0.06240589311446911,0.03188163672472962
18,0.04832691970507447,0.02909776157070235,0.06495096244663785,0.04001619218192907,0.08316653506399105,0.0202050336569404,0.042205080259664865,0.07376178708722221,0.03984305197248577,0.05015621691501532,0.11121974990536182,0.03432265017498429,0.031174347813584927,0.036166782770668586,0.044592178236107366,0.05801352567807064,0.043387520443492124,0.06501527289393072,0.035019045933309664,0.049359385290826514
19,0.08953111188924495,0.07288715731643054,0.024928818327411912,0.04417839548406372,0.02644096451856484,0.06685948803444147,0.017998015988748426,0.041552729748480406,0.012102107998382794,0.015178349356223553,0.04178897629711704,0.039438230239923,0.08473419956517843,0.02654722581829501,0.012197658820350716,0.091436875432053,0.13346104452338226,0.1157391441376378,0.02581395901750004,0.017185547486570116
20,0.05297541711149311,0.08211508345101347,0.026362624421619726,0.016004809595443918,0.059138823768813964,0.03707160087971904,0.022167581166302297,0.07523686949676091,0.020579474855169512,0.04810562234974537,0.07276929835466943,0.013307606967452855,0.062330457354727926,0.0317743401242686,0.025950886094296258,0.05138058308678405,0.07935978672998657,0.12242668059092605,0.04288948884710559,0.05805296475370144
21,0.012760668214993508,0.08534049566450537,0.00951903848993855,0.012185022555537694,0.11551107155888295,0.0277186043946791,0.044469047462178564,0.08062408229987282,0.01969629911026176,0.23371857190950154,0.11713270591626512,0.032059614187612884,0.02276035109464304,0.04199921392761576,0.008686133456213701,0.01472764817280846,0.03417430172649586,0.03277998005154392,0.02275514950983684,0.03138200029661256
22,0.03936927619669678,0.0428763373928692,0.01081201890700602,0.03676294217142699,0.13377647565180076,0.017704284845229075,0.07189897370345541,0.11005173207560713,0.01500952395207184,0.1098728132104468,0.09125610425030256,0.011721159800666256,0.01926630184441089,0.02649461935038488,0.00755406188719557,0.02793491020212398,0.019113083439210005,0.059360827121662185,0.031558811240011975,0.11760574275742175
23,0.022023263019930392,0.4223131468687267,0.04092134264033754,0.019626749245327767,0.05859912396036612,0.041044895588906304,0.01580522340596275,0.030496346713471807,0.023694089177852744,0.02203881618416557,0.02903472087953189,0.013810726591422979,0.01924849252409055,0.01773762503707961,0.04290380642920299,0.025193969264123026,0.043702506167861185,0.023564866925953564,0.053094253339518095,0.03514603603616845
24,0.12714706536014886,0.02978727985187877,0.007980497057680573,0.029712905186343508,0.01925956646054029,0.09782837366837416,0.034771825921066306,0.1798994107445507,0.007993983204463222,0.01085600322045864,0.07615030716182566,0.03090718215433802,0.008290470023372794,0.012145241578760478,0.010049285726379677,0.07072341367661687,0.05216230552760349,0.14935573163630403,0.031317331804406844,0.013661820034887123
25,0.060404101881937525,0.0967658682034167,0.006671004480491149,0.03248241977906402,0.01881414694074049,0.03635953442453455,0.16111683619628778,0.034868208115224834,0.008827765216550066,0.02477630923556844,0.05616306893026644,0.04961446009031078,0.012737652880957271,0.047204514878652896,0.01225032793860663,0.08429939910937867,0.08747796387434514,0.058423629244548414,0.0877089211415288,0.0230338674375894
26,0.04109011474053507,0.02187720852652392,0.04979227441394928,0.029292665348877738,0.046902714426446016,0.055683310531871616,0.07466470257444421,0.03646310088540677,0.061921002620365775,0.0533936049290197,0.056654158613601735,0.05428346164405263,0.0272575329979572,0.040554197377721216,0.0597201257995676,0.07005894420496894,0.059162122699684114,0.051017491380677626,0.06747841101973187,0.042732855264596935
27,0.03634247003458799,0.012742180207861937,0.014505726598279369,0.024781006482682524,0.07262344923575376,0.059437574460474485,0.03947939039298299,0.10534303965396974,0.010629634690280807,0.03582157009651934,0.07455034324111089,0.042390553856433616,0.0482574272677862,0.06657550600552976,0.05692737484636521,0.052321011365889014,0.04938126916996002,0.0894217224281158,0.0668206252082764,0.041648124757140186
28,0.04562532713525002,0.050663773671152885,0.041623453701145466,0.04906090245759855,0.04174872128935387,0.049340488562791635,0.03895243297601352,0.0748502141041858,0.033401590904906964,0.035812013106272,0.08226359643059221,0.04771511121621113,0.047925091159890215,0.050376847845438284,0.0413983017813708,0.053257899729785424,0.054574955219994274,0.060372651038251485,0.03856166923454341,0.0624749584352521
29,0.04677641538256109,0.006730661541910246,0.007299249232351944,0.009528785770855754,0.11159479481299656,0.054992372245729115,0.09358385088204052,0.056604330689609385,0.007569614041038564,0.051430335731180415,0.0842100740790187,0.0744835293324532,0.04419733679447608,0.09588800240719167,0.009351576895753123,0.061465423346494776,0.04027234359084523,0.03753287215297172,0.02751554936079124,0.07897288170973055
30,0.08970858199978089,0.02167156411234934,0.031343772002998066,0.010198145195833709,0.03465572660630152,0.03014291325611738,0.1006144583954126,0.07576063870810629,0.005747009235203799,0.06277654510571211,0.08373268542226305,0.0278260925043195,0.048617520138818135,0.0849650217755644,0.011312794666528164,0.06292293961610347,0.07627325437042055,0.06802956311744153,0.03367753043769517,0.040023243333030346
31,0.06524947338307123,0.04754840194909368,0.03890378646248411,0.03621061924383614,0.04680905207635955,0.09214415235747328,0.05952132343897604,0.045510318779006576,0.04654127858457426,0.039377219549590316,0.059610390829140214,0.050244336863906114,0.04611078256037845,0.06269368760400562,0.05882421692841565,0.03684948469129272,0.05852352915915899,0.02294362978952969,0.03397190703445017,0.052412408715257236
32,0.07004049211349296,0.019028814908931675,0.06532384454807794,0.037364145280002835,0.034117104215494486,0.06241379484687095,0.0450250055522519,0.04309840963875968,0.08441125357133894,0.022871803562989814,0.05930088095518918,0.056786547893669326,0.06145785199782228,0.04062292836152078,0.0656941608793818,0.06233776411726739,0.049363161443651285,0.043122640977824506,0.027192325302838143,0.050427069832624107
33,0.024996055470320296,0.02786250307574507,0.1046309941147542,0.11687077035019032,0.011025186221554208,0.16557729245627462,0.018864240961837742,0.0108058710501762,0.037235013473416685,0.009126736350986068,0.01907773268278333,0.2289255677126426,0.009984295023418546,0.03164954233556893,0.0032661695730151407,0.09183831154793178,0.025036947024008015,0.010297926156213073,0.037226698947417945,0.01570214547174526
34,0.024256951323429025,0.02840924228555773,0.12420211482681195,0.06702565096189696,0.07157009914642913,0.049616960778217915,0.07992637165585513,0.032600539934023766,0.04446285177610376,0.0238584838220602,0.04935690969658688,0.06575510712154037,0.013105568337873524,0.048456685152025926,0.04880051371387193,0.031418450773357746,0.057287847890478,0.03126292394855034,0.05667486243582731,0.051951864419502364
35,0.10095645852092916,0.005958554139074764,0.011084872214394602,0.01810053960542721,0.06864254912465571,0.06093940250853783,0.04160034609859994,0.09521117115103413,0.005953623413258932,0.024836023566221787,0.037883631188207284,0.09586013127585967,0.005133907265881238,0.0976177440539534,0.006773255249033391,0.05236144286943836,0.07051458593289635,0.08673139565448401,0.04734579187219021,0.06649457429592202
36,0.021567850153886337,0.026641624597172914,0.13748293045871407,0.01903560602412372,0.13771329788757167,0.023610710413510816,0.029128310119988725,0.018142723065148955,0.013348984306962046,0.05609729347561064,0.03362045555073858,0.06860257647928493,0.007319380181259615,0.027588656740281537,0.034730897268965194,0.07715313378121295,0.10832677372225273,0.047606978220231085,0.021669284583609796,0.09061253296947368
37,0.05126647354898164,0.04269509720554565,0.015452018749064928,0.01781769220151835,0.08390796321525118,0.04226689999741439,0.041246140692152634,0.170444230154468,0.02777624176283895,0.057269100919446425,0.06041016739586527,0.03204819430061324,0.006860713164786107,0.022813912724960236,0.02768801158704006,0.03111891305000484,0.034148325486051866,0.1030982557497015,0.07832056667595515,0.05335108141833962
38,0.1036294853214768,0.035163827944979686,0.017700411701773316,0.0148373169533915,0.11869746334930527,0.009657120676845809,0.021249403024618595,0.17450062190307844,0.02086935636944714,0.025373516548750873,0.06288493497414782,0.027494831722646527,0.006093325519274043,0.0914061189999867,0.029945235927550343,0.011335270692759402,0.005263509482080206,0.09372455256516006,0.10735718589599726,0.022816510426730198
39,0.06163079579496587,0.05414972077993385,0.017549397221214152,0.057211405954783336,0.02664286805617652,0.052287609928288674,0.1439087054761109,0.04916302000564223,0.10248641498058876,0.03860028921368504,0.0647447050123775,0.03642326132757675,0.009182759313055306,0.049298897554624216,0.006144333641595536,0.07080481671534873,0.02221091246173061,0.05363093446280237,0.05809497453821201,0.02583417756128765
40,0.04995458559434196,0.03871443629313432,0.01900617979890008,0.10003596338942967,0.02239584324860026,0.07599155474142577,0.0521829755669943,0.06621128432647014,0.0402587235046708,0.03680464429880533,0.04733131475757888,0.06491632011139471,0.014060238538074369,0.03597220914742349,0.036969054627035716,0.02859057463097757,0.08633734845124112,0.08794940645964901,0.07406769350309357,0.02224964901075895
41,0.047872482049711215,0.04867474070978589,0.04150918778325277,0.03828210215777419,0.038790377734358464,0.046182951459404716,0.06343497591892434,0.05265289349472016,0.07144403761592197,0.014705615166381919,0.028455592812692918,0.059643244191379625,0.0603963441587515,0.0354106386842553,0.06300713618409999,0.047353688991801424,0.03825187214423325,0.051258457781234563,0.10244039050084064,0.05023327046047518
42,0.09288610179947557,0.050916683530667806,0.018579446181488813,0.04835718817577181,0.05181360541383809,0.0687668768883834,0.04953288591305858,0.046680856496288885,0.04970205839393501,0.054719085234846636,0.04996587595286928,0.05005714366898404,0.02810153847216084,0.05000500029308985,0.046038748693254486,0.051288786657474016,0.04811976588217054,0.041077704768699014,0.052553091644140106,0.05083755593940322
43,0.05559447846430373,0.3196504068363701,0.025686374073270842,0.027505037670524788,0.03540007381987057,0.05025215011546861,0.02059999343142539,0.02260056474912049,0.028324357258242533,0.020734889363088583,0.0395331003258721,0.04237328214345743,0.022098494272951,0.024715971519033226,0.028432981914173483,0.049680440151308465,0.06284794474544883,0.024767256920745655,0.04366350614893361,0.05553869607639067
44,0.060265945834099416,0.035321528303718104,0.051370289152352484,0.06841323145343918,0.028245241596156018,0.04368098946929056,0.02516616507028396,0.059160297825327224,0.01926284621758411,0.040902110388943036,0.0657305481443168,0.022245476055078817,0.1555715042727391,0.041377792722234685,0.01897948709175581,0.041532401381485035,0.0513852420812911,0.06709258438345858,0.05487283105921383,0.04942348749723217
45,0.09449484744011433,0.020210325053358538,0.02026109417807348,0.014493617743523347,0.08775731496238702,0.07633801195108884,0.021067512715061992,0.019493858518695447,0.01174280001393314,0.12712336100674734,0.09136306746734503,0.01608803364483283,0.1184116760593229,0.013737447504662206,0.01393003296493668,0.058951814827684024,0.013890387879927841,0.04512898284985787,0.02224509840128336,0.11327071481716385
46,0.052944297143706666,0.04817571605010604,0.018202043424609148,0.02383858587655904,0.0982573137615897,0.038248609361332536,0.0757368241536122,0.08712361164542712,0.024961277632050697,0.04085345777756577,0.061911228708186224,0.05591818625852665,0.02324034719052018,0.05151345634858017,0.024772287576464363,0.032789027086836266,0.04614624686771426,0.08742449646969162,0.04026124660215572,0.06768174006476567
47,0.04651821151481006,0.021531167962209143,0.05680822325998305,0.05555723313876136,0.04486749203538564,0.050536269786047014,0.053378014734566284,0.06057714038599296,0.02190335198774014,0.08531060218530419,0.0389674543662222,0.07287559619460247,0.041213764195229666,0.06838193904892832,0.050688902003775314,0.036747655686021966,0.032274950231094474,0.05620707465294705,0.04158158428892127,0.06407337234145742
48,0.06378669850970735,0.0466600840565109,0.0286005005835416,0.03993436057411065,0.06372542375341342,0.06585420343189229,0.048990796678179536,0.02486049823161432,0.017591905451674026,0.05358139362189729,0.045660001566803936,0.0636227088542948,0.038087852194237784,0.06801164316856445,0.02000425171727404,0.06638709975551442,0.09201829290051113,0.07319148974386927,0.0512070128338216,0.028223782372567174
49,0.057104839413713276,0.020503517260450216,0.04052525122747077,0.05749515687234605,0.0754516618462825,0.045643312393193664,0.03958737719067848,0.07877152526308169,0.036888654099985714,0.05221013547632849,0.07411980528044755,0.04833768094981105,0.004949847652720617,0.029584318884542438,0.038067115325130185,0.04785905145036092,0.026545911484852875,0.06570832356241381,0.0952088575462211,0.06543765681996856
50,0.06124506130881632,0.035247595968256856,0.06070285051454991,0.06816372323085987,0.06360574825950062,0.05038334016211271,0.013353997669925741,0.051448927172152735,0.04111155090773111,0.0405049349631112,0.08304879321369599,0.04740677003625954,0.04297047409371956,0.06726435570928284,0.04355473282490061,0.040774429917015166,0.05804401034258187,0.056623973684367536,0.041053173858154456,0.03349155616300537
51,0.056457912849615065,0.04708581901731801,0.05306560787534775,0.053008308603195886,0.07298281651545398,0.02877817470852438,0.035941371374947774,0.06377832285067886,0.0372376699577197,0.048516534169717115,0.055176132160930466,0.05322236110027565,0.0352748403829472,0.0568636842819532,0.05876349375835285,0.05996108686028352,0.04842214073682677,0.03843985077289111,0.04152615254866584,0.05549771947435489
52,0.10427571378090222,0.01747066775349605,0.10663134299899699,0.16274066175207527,0.01711077834179797,0.058358652963055875,0.02304885319256504,0.033748585471943225,0.02100946918630297,0.017225913683645597,0.037873533538165936,0.0303128408410727,0.06284585986428025,0.0894871031012028,0.015194934408910085,0.04672751701157141,0.056669250554012125,0.03963073920433765,0.0215183319680383,0.03811925038362751
53,0.06819158671692488,0.03649046613344442,0.040318687553653816,0.03395090778593781,0.027503096781649253,0.06924809933222073,0.04548467572142284,0.06102346883151352,0.031961529553316555,0.03350743951089689,0.04965210188775397,0.024557400872219283,0.02101368820961933,0.09316431315847967,0.03746926674950755,0.08026082140155331,0.08183850760372666,0.07846118427454958,0.025663484702263376,0.06023927321934657
54,0.032042090891500216,0.045590192043201305,0.06065730811979522,0.062053540392513575,0.08914533730551483,0.05629818675239581,0.04561079846074199,0.032192611506764286,0.05544111856053377,0.036963584491511436,0.0781485922656375,0.038072083925223967,0.06306341839372516,0.08953725025528374,0.045081354976330736,0.03119601859779316,0.008832236151088569,0.038016958200907565,0.05990092679531801,0.032156391914219165
55,0.06784909727110873,0.05815452536134366,0.013985048033279424,0.024645562751339476,0.02926221482870405,0.011110875589499105,0.043964673458335546,0.11525214516645654,0.01087417494921662,0.18447801327599644,0.07479323289779315,0.034441346948238645,0.007739985477188711,0.0610705620021294,0.01006737344688477,0.01566865852072961,0.04010648975946875,0.13610681881733566,0.0358876821005344,0.024541519344417312
56,0.043914500876486566,0.039782164058411285,0.04023282119219131,0.053157221106318035,0.054339823233534666,0.011718227203450369,0.06621973035790378,0.03727838503977467,0.053530893302005784,0.04402777754463499,0.0617967326099834,0.05150083937472707,0.09766234101982592,0.05127469508170453,0.04681698820294239,0.048533480487449335,0.044555670576185084,0.047314409396114435,0.042791968589195435,0.0635513307471609
57,0.07156509989645267,0.04951758151863241,0.06151804208103505,0.02568487554966147,0.056517925511696786,0.07849509307275716,0.05871600759140785,0.014750696429125054,0.034244858488097565,0.029194183549320383,0.06108150220432304,0.06103954633440939,0.012921301176771259,0.0659299769477607,0.09962581292147492,0.04846224172504727,0.0472634723818969,0.026873600650829305,0.043196328480681306,0.053401853488619526
58,0.06837239953017353,0.022913148170657774,0.01369727847954707,0.030378001225602188,0.052305175501815036,0.012489440875585506,0.06292037931004907,0.18331766646833728,0.028368976536704386,0.046160819926992065,0.03843362734778672,0.011873129758948579,0.008072456473679927,0.04069687065036584,0.0189961743652364,0.019387504081946276,0.04912603186229098,0.13647318408735473,0.0769190502212405,0.07909868512568616
59,0.058262946917764034,0.028307719579939918,0.01117027892557077,0.05654237605033568,0.04886253340084623,0.02251387360983273,0.07257284006471708,0.07546042631435436,0.0542642946020089,0.032831389824338975,0.04648229170711789,0.059716240836664485,0.007534739782651556,0.015057374957441591,0.09284268992519266,0.036604025187570416,0.04176298773709162,0.07404422835171089,0.04051004598825112,0.12465669623659915
60,0.12517211164338612,0.04889058144748637,0.04477196676058553,0.06671460564210051,0.008391655915284802,0.032177023616625285,0.03500981220579899,0.04447576513241541,0.009080557175396868,0.07175710576858776,0.039862919017427285,0.03133730141297469,0.015061075134857953,0.07194505982940858,0.004836409440928269,0.06663727202846682,0.08767964574268873,0.07460020587070375,0.06380058605365868,0.057798340161217626
61,0.06889370447263013,0.02671257745376368,0.0567797535581643,0.0561826745168171,0.03931539987899669,0.026787376751344585,0.06436386819628602,0.0659059757991588,0.05378791259800852,0.04458772882621896,0.036546447687838164,0.05142205230154608,0.04129529810272303,0.04212322094362552,0.02326461449467977,0.04122853006271798,0.04681737629571482,0.06819249173741034,0.04361201757205554,0.10218097875030008
62,0.01211173799864681,0.025074503582959328,0.042042120109340296,0.03951565509657068,0.2595759951914805,0.01852790911532523,0.017959299387260975,0.06437328135596407,0.0221315751843733,0.05331063903392632,0.09649905628504504,0.023295970634508587,0.028517993886916043,0.01837975291513274,0.03662123008906181,0.05788873252462834,0.015241330965935357,0.0250917821412114,0.08979252401180819,0.054048910489905004
63,0.04722473205290514,0.050157799819552734,0.09516104238772133,0.0632833390529349,0.07466536777782193,0.036696423811122335,0.06068447856877721,0.011765872148467572,0.01943168465059824,0.025686652278588976,0.0574959261144836,0.10455049446298947,0.009892125434733931,0.0587481670347312,0.0397585903421296,0.07743151963138765,0.045168367649541366,0.014103287322049088,0.046607654132942634,0.061486475326521066
64,0.11452706194738402,0.07066392392862958,0.012952639633726537,0.07344433179390075,0.017867766937080327,0.06809952675318041,0.006195257336377477,0.08284766740810222,0.02313632283472886,0.10733875742359307,0.10590656857741106,0.005224685102761928,0.03161662525668405,0.009051245476112515,0.006570061788723529,0.061651980548564314,0.08380893557542461,0.09175609583259436,0.007645689989159181,0.01969485585586125
65,0.037628009260516584,0.02763967223731641,0.0251768726735115,0.012254316816312718,0.1596562293685131,0.0546853400659596,0.07605683285358822,0.009747255716341444,0.015955414452386005,0.016048466642009717,0.06359660952616154,0.0627036230837075,0.017552059507080248,0.02656378339648631,0.014730948021369076,0.026165136591525927,0.013910374696205341,0.017374578391497558,0.18115769925274766,0.1413967774467635
66,0.06144170861702013,0.02053942855782154,0.0889020643668218,0.038255065180354965,0.024246478627439567,0.043102366748634574,0.06032979588658775,0.030916480161940537,0.053822389766596174,0.024068314972282026,0.06754657804776702,0.0678494545559646,0.006118770540735327,0.08867424571809689,0.04261962925534304,0.08008992156224039,0.05676236464741894,0.04503054087685247,0.01370611689949456,0.08597828501058767
67,0.050827112043491135,0.016027889405495172,0.05890552415460346,0.11916357679819252,0.018858693290416992,0.04025755970107437,0.08479211103708954,0.02537488278626129,0.016466779902247573,0.08422168552735723,0.020777402226944658,0.16353702655177166,0.010789746336022296,0.05789304900681193,0.005049717946512302,0.08000152512456507,0.054249552009967235,0.03956275641925713,0.02050759769044489,0.03273581204147355
68,0.04635827535256015,0.03038593479716224,0.04694260597022667,0.061837717605334575,0.05760784905215593,0.04298480715835677,0.08385539452388784,0.03423672873526179,0.06302481009819033,0.03473308014509745,0.04677961582965934,0.05407686117156208,0.07321330684365945,0.04280942496966677,0.04754296527590212,0.0508007565281072,0.05681602161115455,0.018927265475321944,0.05975579083804899,0.0473107880186838
69,0.031820869247783184,0.014002973799753456,0.0226128317274282,0.031503738750795415,0.09797417315808438,0.008447062004364191,0.015587718389449959,0.13100912626297465,0.022608335188460216,0.10776880001309763,0.2390514671163569,0.023073964395667543,0.03182071482496668,0.03545143256393688,0.014993376024566263,0.0160864171217493,0.01870738159128625,0.09480111300674204,0.029425909286941374,0.013252595525595498
70,0.14336569781314226,0.04528028801672348,0.059330220507549276,0.03469697698812488,0.029232294360169157,0.028917786701071008,0.016836330773562374,0.1527227341242656,0.007919182513587426,0.03100692098388492,0.06750177829904523,0.0622736036973239,0.039448364656367335,0.013133237839101886,0.008144705110493347,0.015885724562420864,0.06811731359317594,0.14343285215109794,0.02200232089362436,0.010751666415268826
71,0.04465114572466797,0.017116426891305346,0.07797362166366605,0.07016990701133441,0.08748726716467542,0.035609154494423784,0.04570902027506007,0.042951931109847,0.01985297086779737,0.041571119833930664,0.0690162373623197,0.06547761630523886,0.03326205536921283,0.04947085669626794,0.038094858202093886,0.048830301155089316,0.055250503352425664,0.046738466975438785,0.07326717405672613,0.03749936548847881
72,0.07994195923540642,0.013793814618716295,0.05818823651022113,0.08700777405118837,0.04132221762185414,0.06116653408327461,0.055343544760111406,0.024906003756415385,0.04001982165387312,0.0287020522160788,0.07836095597346858,0.042471137737673685,0.009490467320172571,0.10538174745936446,0.029203356212053444,0.07510882983068226,0.056409599927481124,0.035818104323263183,0.033056556691279694,0.044307286017421364
73,0.07876527795016199,0.024950123501278888,0.015496739472801531,0.02100021713098325,0.057192164018071374,0.007280038522822566,0.03356349982069482,0.11244277398166096,0.0153736857330716,0.187074181337907,0.13894601929381126,0.01239968871988653,0.007122388868580131,0.026461598344928682,0.004127260793312711,0.01022891176201596,0.07735450571079805,0.09549707135363088,0.018442948520189198,0.05628090516339265
74,0.0706005996810583,0.021193408609345283,0.02702954159568277,0.03267846446258008,0.032051086133161516,0.02979492390997795,0.10803486933586992,0.028270184336054587,0.05602912126938642,0.06252368954681252,0.04780273542380144,0.11696972090566315,0.0058165204401947855,0.08300816662504873,0.05892291113560735,0.059397579974456036,0.03683504790107755,0.011179395532130241,0.08614345625308295,0.025718576929008433
75,0.05372608371907823,0.03506889218818458,0.06959345569224919,0.0724522154367822,0.07204682045470405,0.03925036700063735,0.034398814690540486,0.05046506960704783,0.036965803007649484,0.06510942335041915,0.054064773467722725,0.046547654359988144,0.0021081536308311557,0.04538229628506021,0.0254444810303448,0.050137383758927616,0.05578187804869353,0.07113646540450147,0.07487283773778007,0.0454471311288577
76,0.03302703632424809,0.021231214929242025,0.2825634006016733,0.07009174375353852,0.013363486198269795,0.053654992487455255,0.04537032242658631,0.014633931906401863,0.012313692138093487,0.031018455874136094,0.03447396824119652,0.04558390310245893,0.019114119541522843,0.028911510562227075,0.012249846566497255,0.07034975042333072,0.13834229555253771,0.02507941291397256,0.026360546830599543,0.022266369626012045
77,0.10162591615906943,0.05319920923750634,0.02097332665849765,0.011388542522841305,0.05015516952938442,0.0054732072646660745,0.06227929357268699,0.13316109426741482,0.018342471988647583,0.049241973224219485,0.07603516715897306,0.033913386981343406,0.009489645546973464,0.046025315766169916,0.025339256457543643,0.07524668830979041,0.07563392148414677,0.09483014036129543,0.033041874908169684,0.02460439860066012
78,0.026614253649836075,0.032568534591722084,0.06334132286951402,0.06989759368911175,0.026540040893519842,0.02363049852246556,0.059045954770393816,0.05651386913324495,0.03275946215855668,0.1011087115453598,0.06291973831745849,0.07487254201051298,0.017035194675366842,0.11260381764574635,0.03804190058316476,0.030144762493485487,0.031583706374990764,0.07574982821293856,0.01974263142417289,0.045285636438438366
79,0.056859127105990864,0.03778487779031173,0.05481772509937427,0.05339535001534313,0.06800919045899355,0.05664572887238509,0.06872099128504489,0.02770753575718345,0.047714836714416224,0.03125420347985156,0.033671377190624706,0.07556535809998992,0.0071891818566709,0.056054099798782286,0.050706662945893516,0.06269726612157085,0.06916698340808712,0.03818269171637198,0.04663857860918006,0.05721823367393392
80,0.03958599449782193,0.04306196515748285,0.028350490480589036,0.03173717354771099,0.0150041850921991,0.01454518455351259,0.11050220846266116,0.1419804805325856,0.026397551951394583,0.13309328301801868,0.05511021646212156,0.013912774367673129,0.010771247621176892,0.10606874394898608,0.006798492953444964,0.015733926757072334,0.07079782431650004,0.09208105169161647,0.028492230792193856,0.015974973795238125
81,0.0629656269603831,0.02338847396188893,0.011880211088529465,0.012244769129981138,0.1385925783418513,0.02714637681815811,0.03508426253616733,0.0242338214739533,0.009182150854092585,0.01677539354676798,0.12099336002874535,0.031188872886889943,0.006885676198517189,0.0760110470192051,0.007975490413313002,0.06606162438994173,0.08125041534202859,0.07901759603045208,0.07792523281898135,0.09119702016015246
82,0.07785770870986601,0.008149300009257426,0.07065381899880896,0.09298193524782238,0.03439133312163455,0.07430944148184586,0.06928374462523268,0.01188891122884171,0.026502217753331347,0.03443250483061568,0.0976739546742158,0.01347697827370628,0.004627156126058899,0.08951597913132542,0.024365370222447672,0.08451528455287009,0.10996314764844912,0.021683652575952717,0.02601777518783311,0.02770978559988433
83,0.08703003641721767,0.05011402734223453,0.08557301375418275,0.14333037243069738,0.028594439493989886,0.028835336494639933,0.043886496757610916,0.045814477527628274,0.040024583683562674,0.018725274486349617,0.04082128821793882,0.05232048756582137,0.006153219586863888,0.07336952119642705,0.04829743164290575,0.03773789777390978,0.03508733486531601,0.030706171318248526,0.05133534544300187,0.052243244001453325
84,0.16050840415401932,0.01706364417022085,0.013293702551940132,0.023491565084188825,0.08907142066292682,0.046812634042529534,0.03657200774096413,0.03565192250176651,0.01445597795874973,0.023861730275126933,0.14923599078924507,0.02298963535009038,0.005770075937683611,0.04574057246911662,0.054779926253664936,0.11170288932380933,0.04607438375461603,0.039339596393374865,0.02517512643352386,0.038408794152442506
85,0.04068625926371733,0.02335273371248732,0.016981594563839245,0.024237937510931413,0.032971091196317734,0.015560415729674919,0.016213874055947413,0.07023667314524458,0.0673183337969847,0.2233646942988181,0.10485062724751967,0.040244502451197206,0.011511970876663393,0.04988923161752632,0.017337348605420452,0.03876441374124807,0.0766584752511796,0.03939738608282158,0.036371019442908985,0.05405141740955193
86,0.06261638228199776,0.034608207316799505,0.08321842770129484,0.1099801248585384,0.038746063599909855,0.07273127387173865,0.0417892535670788,0.02551288041538917,0.054253617496011514,0.05262495660932565,0.040370360168411064,0.02465383085835969,0.0052487435868433345,0.050325641110113145,0.04890220452443663,0.07723591563864858,0.04249532764951861,0.042371893697294036,0.05013854148769623,0.04217635356059455
87,0.07375906380588639,0.01954774860138502,0.010983059377244591,0.04339047121071702,0.07746968274776128,0.03580988131691788,0.00788510278564732,0.05343590860258789,0.0036019057735006874,0.009637788095126856,0.07492768301851302,0.010801849970372705,0.07984107100940628,0.1047662260108518,0.006220818451985018,0.10854120655425603,0.0772540484411976,0.08752034135036227,0.04500370159118941,0.06960244128509098
88,0.11835937154052152,0.14116213222021634,0.015936319366068204,0.029914606032151875,0.03325314749262661,0.015955019680131504,0.06767832129115751,0.024835471285413236,0.02230674135574361,0.03543368723277871,0.07353778098501458,0.038665317206023855,0.007419306699789863,0.08613901598314501,0.04262221903154617,0.05220624605426785,0.023513142224959344,0.045997252829922376,0.06768617356886122,0.0573787279196606
89,0.052529752936798964,0.039294788997044056,0.03890017099786455,0.060657216361235215,0.02537069325259313,0.05589871773673458,0.02618350728822236,0.04386379456499245,0.04194211434934388,0.109299288719381,0.0649466303826529,0.014962283542646787,0.014179730398937175,0.05650563258715404,0.032468390539213125,0.03124361161150826,0.11520865315353734,0.12718026383451767,0.030567658314609624,0.01879710043101285
90,0.0375736571686936,0.09201905311436426,0.011804796706621969,0.07113536401697784,0.015265184460832013,0.0412843191369762,0.03355156415681917,0.044394053498301916,0.08967392436697165,0.03277037078641235,0.02619364989778784,0.10915175395866072,0.0469836606146626,0.054209409678451316,0.049051928558489416,0.11587600094590228,0.03744832814519325,0.06470021461999967,0.010726907238583092,0.016185858929298812
91,0.035461532165299375,0.025241381793746992,0.015939229784981083,0.01800920762787302,0.030445725354597955,0.0358829885899527,0.02710459242981104,0.06713354959095559,0.0196001449829493,0.423603310031791,0.04304089670347396,0.03360177843684828,0.015667014199405898,0.02159074761959523,0.01950863596253823,0.013119918988985192,0.05320529045480612,0.05617927905652337,0.030072563403775805,0.015592212822089824
92,0.06577188133719998,0.02489532109210485,0.025690006336443087,0.09717475754097496,0.02610090866369402,0.07194875455823244,0.07789812903379012,0.028918526080147982,0.043166557549662005,0.04597144398601538,0.053815407375693736,0.058691096405716486,0.018423826400135988,0.021317079021691318,0.04381930074277905,0.08875605430150248,0.10239018028996624,0.0231824507993735,0.041649395180884514,0.04041892330399186
93,0.03683830245459376,0.02746092049918369,0.10171925580698826,0.07773794399861468,0.023779999465961026,0.0864214743087216,0.042652067542843286,0.030945224227842905,0.01653350190301694,0.028006674168629845,0.0402583958310874,0.099185556699213,0.06542655636092701,0.08425904596352722,0.025968591806354014,0.06434698191841152,0.04892963660410865,0.05161858810721398,0.03348494817985722,0.01442633415290392
94,0.04872702707408836,0.05450666846282149,0.03736795211373156,0.019757818030090243,0.02863587127104045,0.015408864275676969,0.0639908525791986,0.07288092719378671,0.034115494874026264,0.3305128505757599,0.07735651803143348,0.015543389040305056,0.015889982947473888,0.014760366773308296,0.022940473073274396,0.0267120503468736,0.02419522678119621,0.027547633399359974,0.03069886336093415,0.038451169795620466
95,0.019434826125780947,0.41528020639201385,0.026608127449007573,0.035843674304194786,0.07146735130591365,0.031568810906169364,0.03966029912475217,0.018556999208379197,0.026441741413331832,0.021946137743904796,0.021963255449819398,0.017032971390814222,0.032777610940322666,0.027209374059916136,0.03826115777665318,0.019251374637203115,0.020991772439692327,0.00926819086440866,0.07175631713231227,0.034679801335409835
96,0.0499127600844409,0.10386326238443257,0.024839500017524243,0.031308295402563684,0.02484632343294768,0.011752182286832679,0.0212046685591326,0.05408663276977879,0.03086315007772244,0.05256326829731373,0.03369417851540398,0.024357233200455908,0.012404830595605031,0.04823161679260022,0.10762359804070233,0.023433294558679253,0.10727089892015368,0.2039848140033879,0.02342182698595105,0.010337665074371337
97,0.03366909888335276,0.037354668657140495,0.017948870524430068,0.030553987287085037,0.03022841429750925,0.03506723145618525,0.05366273458831914,0.036065812902042,0.04077375210742885,0.025140664768844658,0.03273342834484716,0.04462711790474927,0.044142969391182715,0.04449572443814718,0.04682086755937417,0.0932148886802841,0.22640814267935144,0.05307430639989025,0.03763116964510138,0.03638614948473486
