beta = 2.32899
kappa = 3.03326
omega = 1.31612
phiA = 0.433866
phiC = 0.15249
phiG = 0.218138