beta = 3.26601
kappa = 3.12283
omega = 1.58529
phiA = 0.436503
phiC = 0.149298
phiG = 0.217204