site,A,C,D,E,F,G,H,I,K,L,M,N,P,Q,R,S,T,V,W,Y
1,0.04964107917928097,0.057009386349680564,0.04323070317364701,0.03997626046565248,0.030840395541436912,0.05417605567918469,0.04820996819984239,0.05020805203885424,0.04571633920735119,0.03447774210924253,0.02872014324671551,0.05117086225164627,0.04758390694774775,0.06145878578053291,0.043561974257955154,0.04381686784902322,0.10480039556821277,0.0644402286887769,0.05314572495381432,0.04781512851140228
2,0.0012287385205298766,0.28170838595545333,4.3986600067384436e-05,0.0013172276885209104,0.04879531345071145,0.0021112007552556186,0.00021442183013264918,0.04083787427918663,0.026280347883048814,0.027718169353433464,0.0005916909858418055,0.19801695979549702,0.021335899669471484,0.027763145952390347,0.012330862571272487,0.020030706521822893,0.04220072273795364,0.22540627693505796,0.021144531133808618,0.0009235373805436726
3,0.1750239810583394,0.004673703542207229,0.0013599431296724164,0.032813912498650434,0.06531902825739817,0.019042227417929148,0.06417094141031884,0.12973972100288667,0.004838868107195781,0.005754657609824216,0.0062242175962291665,0.13809326510967485,0.03952882755748922,0.037129628331870876,0.023960409880639775,0.0004171090073942724,0.005549005974541662,0.17222376056604136,0.003454717562407337,0.07068207437928928
4,0.15682654340811608,0.0006430822862392173,0.007740725146119665,0.05564325038934243,0.016517237716531276,0.01089896213839595,0.009920265095078396,0.008976119094702043,0.12455180678370054,0.019337304256297243,0.040720099795502625,0.1464544510920893,0.00594492011262459,0.019383256290689783,0.03422303573121197,0.039155902157180636,0.29503199864952895,0.00014940275583525235,0.0075655423375751325,0.00031609476323905773
5,0.03558391645738836,0.7973757496124704,0.000203740708894994,0.0030399165190822634,0.0005240205006510232,0.00011814001929117988,0.019472989413528055,0.0034921929030491913,0.00029837716552885365,0.04722489810795247,0.034789281345895824,0.0010203158248744185,0.0002106975616993956,0.0008328544175569717,0.012668202304228082,0.00041718069743525133,0.006825505955703568,0.0017450828043755553,0.03382487718643674,0.0003320604939576233
6,0.0009520578337421637,0.08385372017321044,0.005838305749095005,0.010626133357327434,0.004404737832575526,0.0009503811268090046,0.0021126402868326963,0.00645532468823231,0.005240434990997213,0.40665495893458314,0.004502319400250973,0.002350580141732795,0.006323397174825635,0.002741813071429173,0.05662851980857651,0.0002933906479604076,0.0006997395618898944,0.18014045868609074,0.004441282380558654,0.21478980415328014
7,0.01454627099970363,0.001560590799666815,0.004120277896582751,0.01902249272826987,0.5385374000925673,0.00041519365035031213,0.0033351211899019335,0.004926648693171538,0.00043944698557021964,0.08561727943368816,0.0019667015059107113,0.0012469167304542013,0.000122051516256943,0.003578958061969462,0.00017789112741605485,0.003428603038582752,0.0033679081790284255,0.06915181884224254,0.24395898975973843,0.00047943876892800325
8,0.02230551991211189,0.0004894877285816061,0.0010580157274781685,0.00818352407222396,0.09477301768537692,6.011397396117283e-05,0.041572560402463744,0.0006110254191637192,0.0005654894955126611,0.4640495217390551,0.1744355959333555,0.0008609542648806175,0.0018144528943479143,0.04078786033084825,0.0008481386474182117,0.00012737901629706448,0.0003467641570775321,0.12970940547493162,0.015154960514805612,0.0022462126101085206
9,0.00018818941621130732,0.6073253056205171,0.0006128884536111347,0.000534264151920435,0.038787452464702644,0.0002812248292160866,0.001907218627013797,0.09963083626661114,0.000837244239887119,0.17947041063207383,0.0016245769912179649,0.0007831813363612104,0.003455474168381416,0.00040649350614969584,0.013710624298166664,0.0011535805987425087,0.00023113909624084523,0.0029598556876516352,0.002673247360977156,0.043426792254346244
10,0.00045181036643286265,0.019701721889919064,0.0013374285183638355,0.0010586587412551838,0.36405944241333127,0.00304912800400925,0.04284584385859255,0.009124244440586007,0.00027790040806268497,0.0959584504902108,0.14422741340647388,0.00014824564608208706,0.0003595886609864895,0.0006837073180893969,9.500083456130559e-05,0.19629749218541026,0.020164934101283262,0.0017559303352476473,0.01648276804487256,0.08192029033622973
11,0.06599813954107493,0.04207314091997406,0.0010947300679039333,0.035139951719929896,0.1268296216774223,0.059310892316344635,0.026744035530686314,0.0004014372219783217,0.0006558484465425936,0.2190950524264155,0.011482498900478066,0.0006245293036052503,0.0005115488021299485,0.234610206874257,0.0014421127944743031,0.031180119355936318,0.0031426667738212806,0.1292308878876256,0.010114582705472587,0.0003179967339272854
12,0.21501359087735647,0.007503006907894598,0.0005611422581153753,0.000673790962597567,0.212435316944222,0.0002632907622680741,0.000291723135295053,0.39119984346248926,0.00340751240180038,0.02174891950795288,0.002476996807699338,0.0059369296847292,0.0015293541267810057,0.0007388241936113852,0.013142253677467127,0.02610121509860754,0.0007530902858272595,0.0661251022437261,0.025306282097061008,0.004791814564498322
13,0.07211372700587447,0.11135471459789723,0.00455066003432375,0.006828921071351484,0.012142509377653325,0.0022498114345112295,0.052664839638947136,0.014244799014634841,0.034152668670478586,0.002199022419863973,0.16767690711197966,0.0008987499981012553,0.0032449409521510715,0.0009657421446998586,0.06876482519285254,0.12648901238906862,0.013458111100911866,0.29596041222648517,0.008419187074334795,0.0016204385438794296
14,0.19170409047395276,0.004910835007369732,0.024701254525833712,0.012712246857851921,0.0202866975214409,0.0011122100849107908,0.005408179078304735,0.014809652515657511,0.013755777333448987,0.008549122710737385,0.02560427888787743,0.01925041733128521,0.0015210615638737949,0.5080663490392986,0.0021626729762551124,0.02287867100803998,0.03200768888277216,0.030093114386380466,0.026379477894011252,0.03408620192069764
15,0.027193417797862933,0.0039019877648431307,0.006178204059646817,0.0015699265492945742,0.0019819409558559475,0.004669103814926166,0.0031053523020795463,0.44724269726499216,0.021246914855981673,0.00017516887921781312,0.009752232305297932,0.0005805447731136493,0.004660355836384122,0.0021391007539448485,0.0018891234384860814,0.10242215756276667,0.2527515203946964,0.09292368237350546,0.012872369318362973,0.002744198998741107
16,0.4106794910772248,0.00510521658813494,0.32721314731061946,0.014655486618839591,0.0030527934012821974,0.018735400145120103,0.015460732807991526,0.012441602070358562,0.0229599654001874,0.0003061406568911378,0.020297189311553127,0.02650765635834628,0.00043265006798926886,0.002334504805090095,0.05312631296942992,0.031587285527052304,0.006811549679743788,0.0010112921736778297,0.008289469801369838,0.018992113229098093
17,0.7225404021632735,0.015444576179810432,0.023495979903800195,0.02204767338656692,0.002480105691205056,0.08056104597306993,0.011931594262919828,0.006804901831166934,0.004801136634364788,0.0005349015182933583,0.0178675061903328,0.006450920665138525,0.006664051664765905,0.007463635489828881,0.0021203249570975534,0.022022466288311532,0.012991776502130256,0.016606238406934464,0.014500795380484474,0.002669966910504491
18,0.008978409605210574,0.0015737947968786706,0.9173736651728128,0.010449757065018637,0.0012742256320742939,0.0024994801599706935,0.0012020183923284317,0.001502612746058371,0.0034523469681488283,0.00044637290067712045,0.005403192349246102,0.010638248629699256,0.004788462339104111,0.0019381924276445515,0.0004267103608690154,0.0009766847571212995,0.008843123471748728,0.001265034686354759,0.002184206785703883,0.014783460753329737
19,0.002665727089871121,0.000130086151537236,0.0007676770756635207,0.015587454345124284,0.00015427808374452484,0.00010745211858654037,0.10634533123586616,0.0013513997558671274,0.034378038267254586,0.2160505087480655,0.15724228711330604,0.004550562121643364,0.0002484708219653664,0.03203208734331951,0.019395767268001837,0.11863108770310776,0.09824853829840746,0.03284368904562404,0.0019059336249611857,0.15736362378808275
20,0.0009191558830255924,0.001762141916736983,0.0025242651447782926,0.00163900041927671,0.0030876738724514925,0.0004550698051211183,0.0015803541958002666,0.7379606100933396,0.014960479699522687,0.033423186967991375,0.0122660060508673,0.0008796068203669426,0.07329327002735694,0.0015166303408140403,0.0002498660218940856,0.0003724895427226015,0.08373910687159625,0.02266333621075327,0.0036675489489748545,0.003040201166609885
21,0.0005698308513703115,0.9703643654771965,0.0017713241951440538,0.001140971723094429,0.006937625769847909,0.0003063689956465493,0.0008725568987017256,0.0008878601512449841,0.002428492963159368,0.00010336046379275339,0.0022129620698147245,0.0015477533289278273,0.00024111081414329193,0.0009635369278739119,0.0008372215881955641,0.000783098740145991,0.0002777729112305817,0.0034207147254346525,0.002064296781939004,0.002268774623095692
22,0.0006714237367030544,0.0008839453633475286,0.0010398602653250552,0.0009035000162515095,0.0009053316330478347,0.00039477487942457046,0.0016665207807789208,0.9219027293673571,0.023207691876825247,0.0002922503157878456,0.008257665419608437,0.0011136922105551331,0.00027470824629811154,0.0005194665440864878,9.596886888645175e-05,0.012706092793592822,0.016312024820856905,0.0029953404364079696,0.005329392087543721,0.000527620337315312
23,0.000352731150433941,0.0077887154934112406,0.00747693542515375,0.0023790201576043444,0.001340516693291347,0.9383306901712175,0.0019580364735760727,0.001648456145996004,0.00799498873855821,0.00042123753066137447,0.0038485716032444174,0.002478537817527278,0.0002796266290623975,0.0015141741918060685,0.0005103289088572758,0.005983320155062595,0.0005377515493217432,0.008239377703460515,0.005373517363851659,0.0015434660979022031
24,0.0007314883266328337,0.0043391726511510355,0.0015825651698518127,0.0014545248691097943,0.08797306111966176,0.00021590656772969412,0.016208573305590827,0.0018376304133691536,0.003012724302395907,0.0003018998044789596,0.0036209088789405227,0.0020392024239317768,0.00011905831345456083,0.0011851513009548298,0.00019164809873406998,0.034148986587292283,0.0005508608484699304,0.042274899928278625,0.01992703518383218,0.7782847019061394
25,0.004921328871724186,0.002828155869286439,0.0033215090813576292,0.0016000823662319598,0.0009391011821574163,0.00023690878516350916,0.4709414920482479,0.0007888957022436538,0.0006736120606407293,0.042813321233823795,0.01726567671391054,0.017149435431789394,0.002052970757896869,0.3232800040233322,0.0007113456463931774,0.0001836023805993159,0.0017435672985461265,0.09186492163675322,0.003995532141261041,0.012688536768640823
26,0.8981012433963911,0.002169187974310146,0.0015318959693899567,0.012288656869753105,0.0024956491309332174,0.004439662284793533,0.0016487153551430118,0.0012485684148784374,0.0010779395745502624,0.0003355891188684279,0.0020547796838276135,0.03869057048416856,0.000164306062243322,0.0012357734432470492,0.00019785791941546088,0.013847622110270527,0.007353899158932646,0.0021785876154204356,0.007477567493456802,0.0014619279400065615
27,0.0002511873662083692,0.0008667546583408134,0.005444962433392071,0.001156751422051948,0.000479152049263615,0.000664495218257993,0.08367575453283434,0.0006498381586691959,0.00363714346782956,0.0001459744806660988,0.004580136186052898,0.877798027192321,8.051090555337015e-05,0.0006699384947562104,0.00015171831690951164,0.011950660455244512,0.0003979925243517702,0.000449127693546752,0.004924012433053622,0.0020258620106964184
28,0.00031958429112427023,0.0010319497157395938,0.004068758025157639,0.0395720838804378,0.0008248308308834341,0.0002104869505121963,0.00061498411303994,0.0002388051530587434,0.0032035661402967735,7.935263934288515e-05,0.002483740176554785,0.5313211002061752,0.00010022639195159753,0.008239034574005415,0.0005306872566465329,0.002883122467936371,0.00016336490535076464,0.0010220290205111943,0.4026700882585141,0.0004222050027609236
29,0.006493165989301375,0.04471180092038099,0.0006093699835790978,0.00218562451752879,0.0016051767992835443,0.00393856785491772,0.010537533861206434,0.00043444484124563335,0.0012973772451554592,0.0009455842594858074,0.002145471049725342,0.08607341727131783,0.003560576547969551,0.0025650185913364235,0.0016305107963842525,0.7172587438094378,0.01208112871548816,0.0033547148190025597,0.08846551759393632,0.010106254533316867
30,0.004136084044382093,0.0024267042693462623,0.0009973491258811744,0.00058597705426466,0.0031899975850798773,0.010419600198590104,0.0012351222403421528,0.002423934795132755,0.0006845104807062996,0.0002769004195235856,0.007499359335722171,0.011760019961500253,0.0074361322005052225,0.0014103846473152374,0.00023397512332522732,0.0745855091108153,0.8625392398172315,0.00030004245031914947,0.006693023917935434,0.0011661332220815786
31,0.024933174016918087,0.002514785647470189,0.8029382834983887,0.02817998198786511,0.005685849968155167,0.0004630686099684448,0.0066347916599077805,0.0023099439936724382,0.0010676119708644693,0.0002579325174988154,0.00453189369109372,0.003961287002020007,0.0004323720382216413,0.0040180349783584856,0.0003585756786031907,0.00038156743901674014,0.04523682076948179,0.05237024335123664,0.0021336323585363923,0.011590148822722253
32,0.0025617701433671724,0.010992937392887845,0.00047287754694459673,0.03910368338844085,0.0024056365706985913,0.00026294684446372357,0.0005261544886836218,0.02476140171976117,0.0010897403058865085,0.01466929173990193,0.29092869270682065,0.01823880654984963,0.0005967187658842642,0.00067363408977634,0.20900856042616617,0.0009221118404770009,0.32085439876771576,0.058762768482521294,0.002153314614725915,0.0010145536150269242
33,0.006651477298819989,0.005875799872783657,0.004501773383762557,0.000878439083210239,0.012156797588545739,0.0019410712484690471,0.0020408865840819395,0.007124013180856071,0.0007117164312162758,0.00020390354067197867,0.0039527809255480145,0.001959437959321958,0.00043536045022160585,0.0011527484365981937,0.00030819604052132116,0.0005273711901042795,0.0005137326126448517,0.940892238363968,0.005924541785485936,0.002247714023168438
34,0.010638403685082233,0.0019091476272858387,0.9247877726953071,0.007290249378374795,0.002667692982312349,0.006778390577418223,0.005853440230119134,0.0012584106941998677,0.0017381960289655624,0.0004897178947989923,0.0039008124524295734,0.009168192023745062,0.0009583177171304289,0.0013522862577766597,0.0006896061051428445,0.0008842261310656091,0.000949041623617665,0.0033523159279230017,0.004640825363646453,0.010692954603658785
35,0.004455533306918611,0.002351671981377717,0.0029271549643352115,0.0018207208229966791,0.001703529136404966,0.0003786419164229336,0.00559671051060961,0.007298607472356321,0.014962561374137647,0.0005331620812184382,0.002802905777658761,0.0017554259326124158,0.001177180185899452,0.0015315472254551251,0.00231596649074053,0.005128053985658171,0.9353543857431216,0.0012187732860925154,0.0020649744852943913,0.004622493320688962
36,0.000992496908943678,0.0010516370811603061,0.002599118833180074,0.0022051372215792105,0.002448827088385597,0.0003514009222859189,0.001290282106001909,0.44933448168197926,0.018746777763460495,0.26716672389321855,0.1091708940410725,0.0008918250055864001,0.0007342164861531187,0.0008557244081072787,0.0015534092982339308,0.00025528129713352617,0.04491525096050197,0.08160756172118273,0.0064578803459390405,0.007371072935894477
37,0.004817105173935628,0.0005797362351980123,0.025026961323064152,0.006337836250398517,0.0201731579482385,2.3482145547115535e-05,0.0009696228600525838,0.018345079931980868,0.04432883886624841,0.02295552144866641,0.0005633972872693505,0.0042722460699506195,0.013010800689557386,0.22053494931679504,0.2493364358324565,0.3388941813899659,0.02281882589563291,0.00021697498193345923,0.00047055807823571857,0.006324288274872918
38,0.003653116545759244,0.00037214924026316484,0.011642241485943228,0.0881160922550343,0.0005515235174022167,0.005261058974268704,0.0002692452941663902,0.0006145185053147608,0.009896911344431568,0.0001250511841295894,0.006052576180089416,0.00048528417277662574,0.00011159851387215303,0.849677485229172,0.00013846935558157482,0.012103054811282979,0.0006600741691637087,8.812379835262145e-05,0.009826780417724232,0.00035464500527150524
39,0.0011540480240435956,0.0034420875223474187,0.0038618890914403564,0.016941520680826265,0.0023429024830603187,0.0011010336432925763,0.0028860434688335115,0.0013875445808614873,0.6402100831900241,0.0002538783220860901,0.022239745828151032,0.019773126713137596,0.023933514627004913,0.001448312185827111,0.19668734069896174,0.004246390840828368,0.043626506957559326,0.0040623004325650485,0.004590326134102675,0.0058114045750463856
40,0.011941309993335232,0.0034727523818063677,0.017815910372957853,0.004017552388434049,0.006345372805087519,0.02302990074804107,0.031452556813481435,0.0013956290096220395,0.01829834578389754,0.0010660452348373315,0.010660158438358075,0.7751522682069147,0.0005145323091211553,0.0015740192554848506,0.0023705052088058526,0.019822826786015088,0.03694564366622857,0.0007860607655049174,0.010173471093576495,0.023165138738489764
41,0.004319297329055168,0.007744019456692765,0.0033935343758983907,0.014491141812751483,0.006220192369561324,0.021845630526426518,0.002611064195173449,0.002535974263410767,0.003019385850181298,0.014714184386615365,0.014976799024897923,0.003244810309811615,0.001290376819502264,0.002703700604216695,0.002223801563443761,0.0018191746877927063,0.001240359383423948,0.8820025302061308,0.0058533739246925546,0.0037506489103212586
42,0.08936221998984549,0.037608688754732986,0.01777320795921083,0.03668614146537312,0.04832392529570102,0.008138010899634443,0.03303370555627632,0.12025915544435911,0.24955549068098543,0.005791689181819704,0.04533227346302509,0.0027480139814674144,0.07809163749003128,0.006573927801120851,0.00976017130075134,0.036384941029560455,0.03728457500484824,0.09450016649459275,0.026128418456607655,0.01666363975005638
43,0.035122091313735074,0.02083064411193145,0.008350129632145898,0.02430019430647246,0.01680139602829352,0.00609151482712765,0.027868340332124333,0.021391851340653526,0.03136357165261401,0.03148959737104956,0.0254796620699001,0.010113937519103094,0.02566284166176546,0.026125761151632138,0.004969572994872506,0.015215294059279683,0.013019320350419963,0.5921351814861902,0.040347451627970786,0.023321646162718587
44,0.005627875165377792,0.0014113693973984785,0.0022402718700142237,0.0028677126631269528,0.003710708231597695,0.0017394570444814617,0.0021640437434294717,0.04561194614599197,0.0025149250648615557,0.0007994222523289587,0.007078112967628726,0.0019976827605443217,0.0026046517340279226,0.0024123930053603234,0.001307820174048267,0.011537803334166262,0.8910453753765845,0.0008191680546815891,0.011070326326559169,0.0014389346877902763
45,0.10178379552493445,0.002807614039478105,0.08883077733068717,0.0145988521615191,0.006799126558668846,0.0014197907158092484,0.622376940463097,0.0013223260904667797,0.0015622432205854779,0.006458624766308251,0.018780889601595897,0.010230274319893996,0.012165667364382425,0.020972955234735562,0.007134026786470914,0.06021410692241741,0.00072244292008423,0.0008375619067280328,0.003856380486194333,0.017125603585942863
46,0.0012102648145545175,0.009699976458348615,0.003754631905911548,0.004590570741849809,0.01701047580940418,0.0026283071377752047,0.006851267947947363,0.005279571389928939,0.006270934726415166,0.001749164098536886,0.015564185009717547,0.008360429085579144,0.010088278260685216,0.012906647330822685,0.003756990770273275,0.8486421091896086,0.011982025270793476,0.0009602165764301698,0.012343026989358684,0.016350926486058976
47,0.0017908988101816262,0.0006562696617101562,0.010689570517727866,0.00783953013626832,0.008710307365864827,0.0026998496628054757,0.0016572880508149773,0.007601589451426646,0.23735346572179708,0.03161563687882334,0.01852503131152607,0.0026780756503520437,0.00036121974823456136,0.074295188431552,0.018136309582185754,0.04287904136931082,0.11931192166911941,0.3919793226620153,0.0033675333924320806,0.017851949925851446
48,0.00045517918827664905,0.001964828280833271,0.025969289889771385,0.002506931331147845,0.002130508419930702,0.0005438775357115938,0.0007913739977441273,0.002026780519663484,0.0017847072031374695,0.0005807398360543706,0.002880784539835273,0.8722855257010876,0.014206079042536792,0.0028449817656824123,0.0003922657522615388,0.05413489930793572,0.008461167360127227,0.0004827644660658119,0.005103436385484542,0.00045387947671244515
49,0.0004396926537508999,0.0035938351728264854,0.002897512839242282,0.0011011247127318614,0.3040071282826148,0.0002661232237216789,0.002728180138580158,0.0014422646881853782,0.00176909232703266,0.662150885453067,0.0073104164280163066,0.0014641026768786594,0.000686460449675299,0.0013365920675943172,0.0014258568709060772,0.00033822706117014564,0.0004055487124725763,0.0024510563179306125,0.0027644964031813203,0.001421403520421455
50,0.0006621361823760621,0.001103180093047146,0.001936540519141564,0.0006648291560305258,0.01050153087670172,0.0002506082371868982,0.0011028553288138052,0.010033541734647817,0.001115388699469387,0.8837012588133654,0.0037896878930062054,0.0006584701709408451,0.001270856746080313,0.0007566992336086475,0.0001295536912904274,0.0022439286430357332,0.0003073804953451374,0.06950684783058127,0.003269391378943515,0.006995314276387643
51,0.05464688796422778,0.20859581837735666,0.05046043597847966,0.3487539203403176,0.0006062981648893424,0.012665370755439121,0.00036840890092819134,0.1310964484333252,0.016713403035933157,0.0005684049245159789,0.0016181449203839869,0.0010490170826079914,8.710386985632633e-05,0.04463358967176259,5.062577582496736e-05,4.606035074926098e-05,0.11310702628085764,0.013128468917147602,0.001477598620114003,0.000326967635282889
52,0.03212582682207101,0.00025391168110575963,0.10159265463186416,0.06787803021237131,0.0001487874133770117,0.000678105336961697,0.004613032238161047,0.0001268357598847153,0.016380328479336233,0.004026255203151002,0.04305752461810874,0.0017224178365868091,4.7358155667910877e-05,0.0004321764081157602,0.007960264731142065,0.18256866930265764,0.009694869968855734,0.026952787205037722,0.0007989082222731353,0.4989412557732705
53,0.0033132591258755433,0.0003481775014066623,0.025442749165130667,0.21593369072418767,0.018124629612786422,0.011938736422678571,8.706661171659343e-05,0.018537278754200585,0.0024994481610260966,0.007658022139523224,0.5671931691278438,0.029400153204746045,3.661870278586157e-05,0.02264466382159039,0.03139222602756062,0.02359867518946685,0.0014478758803188627,0.00019576936450074915,0.015450499623471373,0.004757290839183495
54,0.001138603124481281,0.00043772998536972753,0.013208111521687427,0.0021624524754446585,0.0013244601159556307,0.0006294508792040886,0.8119864527059311,0.005736869356009714,0.0017020595482440698,0.00011851004435065903,0.0019358131602779116,0.005873877740183439,0.015306963115490716,0.006634001378916548,0.004535532365969146,0.02776710115645478,0.06612434979844668,0.016699250966940138,0.0034790919880246496,0.013199318572617906
55,0.0005712933371609869,0.0011969277715847017,0.009064596607783547,0.0008224078681677007,0.0012772839569045005,0.00015308232289541117,0.0044456275191697954,0.009514247513880247,0.048719862565230705,0.00014008920882990617,0.003035215007077301,0.854325586507489,0.0003218292592561587,0.0011336558426551847,0.00019432208226462876,0.0009036585837630625,0.05758221511813923,0.0005318113599506061,0.004080252023500645,0.0019860355442967575
56,0.061665663423111555,0.01079334004206074,0.004173558291893685,0.1048277064855099,0.1624522690273218,0.3371135649522835,0.07624488663690232,0.0009786294430410548,0.0016417644994033433,0.000244938924256128,0.010986137745667169,0.0016273424627532612,0.0005036122228471733,0.07882427581602344,0.03422245721603838,0.062160233862332444,0.013817821041572002,0.003253205157101009,0.03383044586801094,0.0006381468818699414
57,0.05985103513645822,0.0010373774082858332,0.000534616241680061,0.001007256196904703,0.0005035908354520764,0.00030654628204008035,0.0004976123270405789,0.003083572851879523,0.21236123504092264,0.00021889833807661806,0.14954934157793534,0.0025287677132636516,0.000460409289794423,0.5367422617168897,0.0018079899268092716,0.00014512144079705983,0.001450354654372789,0.0008829559456613078,0.02661756288123073,0.00041349419450559624
58,0.0006617910400302414,0.001861363917183455,0.0012414295460909702,0.00108407898941951,0.001071444741129223,0.0006754961596742307,0.0034688822099403346,0.0012669044309055752,0.0005123164443342068,0.9711965186242913,0.00497290144657547,0.0012033633988729954,0.003098755198754673,0.002677154088328876,0.0004048581944975756,0.0003508645119037021,0.0002546537609291614,0.0004872674494594611,0.0029909409752430505,0.0005190148724359256
59,0.0003115343915547004,0.9213024170456929,0.024387702107246507,0.0022553372596462273,0.003411473320104016,0.00028099272466761854,0.0014074998255889897,0.0003926046164386126,0.000872108580908925,0.00015948025578256756,0.0201841934678313,0.0019798828714796984,0.0006739759583246562,0.0022235437938893355,0.00638864302132031,0.0014133939914455604,0.0004676417282102629,0.00040661434234193764,0.0006447825271301264,0.010836178170395666
60,0.035090574304487615,0.00020789813463174332,0.00040011418201897273,0.0009274270102857693,0.018238547727774855,0.0007040869567863901,0.013702389475485837,0.00040830299462989205,0.27331880573727785,0.05135633549967667,0.017833817326220396,0.02896947258135762,3.1654160751639477e-05,0.05142652926938033,0.26386103441507586,0.023881536329252936,0.021017053413756464,4.59582737929881e-05,0.0003987220730471219,0.19817974013430908
61,0.00015599505379214093,0.0005034727102550809,0.0003946700014339429,0.0012528597956633224,0.0010017800800219186,0.00401191682523611,0.00040503874056283,0.02803908323426256,0.0005903507145151608,0.8788872275634592,0.0023436542291776275,0.00033655136313712273,0.0022318454741132214,0.00041766041494810933,0.0001098096203271778,0.00010713446064510914,0.011238296179755733,0.04354899448662577,0.0013513844305881666,0.0230722746214799
62,0.03657720797223931,0.0009336880594127597,0.24026738830105346,0.0044830236936711666,0.025721418495459652,0.009224825635504322,0.01039929902668148,0.0001844646266490891,0.10042390282622497,0.0013669465062259968,0.011961101581693135,0.07937997595604568,3.144587451974494e-05,0.09940336794131363,0.018427012713325596,0.014016656911812496,0.0025474575484757387,7.453047573148961e-05,0.3322968011057151,0.012279484748245174
63,0.0024050986849951045,0.0023677747363821332,0.0046988521834318035,0.014576864568030373,0.00197278545824275,0.8986770526765415,0.0013023961350564503,0.000981976003056923,0.0021219935692954857,0.00044826862446312486,0.009743758683448307,0.0040529976812312025,0.0012098497239094945,0.0017831879424551438,0.012787734393039724,0.013784826218974838,0.007075340891242542,0.009671874713516158,0.006966867433138696,0.0033704996795483806
64,0.003952582948200031,0.000729261806841221,0.0018419419478410664,0.002127076294317818,0.009852307069058971,0.0006846043526607149,0.051403959970013506,0.1661262114673832,0.3044892603074142,0.0010765822549230809,0.00336599314079625,0.011301068127918054,0.00021890612398105036,0.011954551382377375,0.4120362743460018,0.0029766571910891083,0.0013332425428907195,0.01242407157797723,0.0017660207992183166,0.00033942634909624566
65,0.04889597573770775,0.004374471285505233,0.03500358057207213,0.1409687606660626,0.00041898122619438697,0.019059689653573166,0.019643644308065342,0.00033413103088191415,0.001917040460025568,0.3554092340745623,0.005753664551432422,0.0803917859463597,0.09417708913876278,0.06757158355103814,0.014062976910650827,0.02869037372167249,0.05749550047625434,0.002071698425500903,0.014574487341951254,0.00918533092172666
66,0.011111584084571552,0.0012308830432995388,0.001978975740176376,0.005814928364219075,0.00259756738849205,0.0008932675862109607,0.0016289670219225424,0.001802575607708246,0.002653807314645607,0.0029978342859951945,0.005191768607136089,0.0015404597255078618,0.9442806725223604,0.002923669654790849,0.0005272813933243836,0.004866771039064922,0.0008436234469378702,0.0007372159596010995,0.004635964068916884,0.0017421831451184982
67,0.00022178040125321558,0.0017094086195668262,0.001173960548051359,0.0014572603979452813,0.003621869875761191,0.0009777608207676527,0.0013690856131406068,0.20912943852792085,0.0038350622939673845,0.6552962249186238,0.01407133006269544,0.004455569338078165,0.007490009313302099,0.0021824410930992833,0.008213974088575503,0.0006398500949631637,0.0005719430701319334,0.0672235324219103,0.014523328027830636,0.0018361704724155008
68,0.0579144528728964,0.0013319013095393867,0.17733290118723477,0.4543535688541504,0.0001944744271864667,0.0001341162379442988,0.004775146487014838,0.03756578991029044,0.0019895232273317302,0.009021109297108027,0.0010388829747094517,7.597841404405669e-05,0.0029999511279458365,0.03266550012078984,0.07875152839690838,0.01211975970862295,0.018973739275897877,0.10640548770601954,0.00232284574275823,3.334272160702507e-05
69,0.0007860839300438924,0.0018448710592205973,0.0013658679621185773,0.06404760528460275,0.021320055338688595,0.0006081677651147206,0.0007905208441168085,0.0009143186593486418,0.0008437751081291022,0.8500511989807936,0.0020990166971458103,0.0011926320288004027,0.0002999945780502011,0.0007093000952639774,0.00019309050178197424,0.03849632136679189,0.010057258727083032,0.0014935951260655132,0.0017083507280047005,0.0011779752188352678
70,0.0238192124912104,0.003277366829710254,0.0002569310724170341,0.045565669386961404,4.0091646719237346e-05,0.1472622672787209,0.11448741870479143,6.802112612717964e-05,0.47254870044197494,0.05724549621925795,0.049962031266557565,9.72884173235601e-05,1.3034947931179807e-05,0.05000593923658041,0.0003616513118465418,0.027611667647845787,0.002606143681306052,0.002061539128271131,0.0013360151404411772,0.001373514024005815
71,0.019185644447498672,0.007768506757836092,0.04833551415605028,0.03586234900856348,0.1652811274793762,0.0963518957458211,0.021064013928865307,0.0005471829597107133,0.0261865916175801,0.004714282090362466,0.11723295516550682,0.0068178455434571884,0.05482971506786256,0.006976058842496922,0.018792385006908753,0.011867584135454017,0.24434466881462275,0.03471572716352244,0.0768199749950252,0.0023059770734789355
72,0.0002678122057343378,0.9794815769438333,0.0007416976780690008,0.0014790649331780294,0.0011713534325394873,0.00048334066090603424,0.0012710125365194933,0.0005665416036216566,0.0010315570682590243,0.00011631528651371377,0.001585797705086668,0.0008033530080940631,0.00023835165609916532,0.000728914856920218,0.0014505263589202546,0.0003246536293185854,0.00024186996789697968,0.0004459975363039516,0.0008717699073005953,0.006698493024885369
73,0.11603353840166354,0.0002845866311123485,0.016568365023154025,0.02436273383815964,0.0005216129269015238,0.17800987155242456,0.0005230089630471344,0.0002937971641259373,0.019360118981801858,0.0012848766922224071,0.003167476626970152,0.2388829996756254,4.250881040459121e-05,0.016597685690186922,0.03489998512793312,0.12741859395059593,0.22008017451108958,0.00014029109669292625,0.0013574988996640164,0.00017027543622444457
74,9.205076730168576e-05,0.034508224215191285,0.00017293332932133732,0.0003514676589432349,0.0001005806079326384,5.119256876913574e-05,0.00020081828934081917,0.18113063688296313,0.0003478742233813886,0.47557425410685944,0.020246763563825855,0.00011815172451688833,5.892690620061517e-05,0.0023661936930204383,0.001429752923100349,3.929687987311454e-05,0.0039873241289940615,0.27834307031307004,0.0006993103043846966,0.00018117691300993715
75,0.0366835488970749,0.00693514433112653,0.0001617090931854359,0.022328251964922018,0.00023456326982302782,0.032944565346912716,0.0070075873028406415,0.025601166160236277,0.007806921485425023,0.07175744221359732,0.0018243181683487506,0.018827255410717298,0.1722993167952048,0.011837417545850888,0.0045665132811317155,0.01678555474390766,0.22720373805955663,0.3337663982847067,0.0008841498673447351,0.000544437778086966
76,0.035503529091646065,0.001025824156744498,0.001848511634067067,0.005978924159678139,0.001659824599197837,0.9062633726241809,0.002258057091580678,0.0007496181516194435,0.0019704225997686543,0.0001570386257208485,0.002463929296874531,0.0004222954260903599,0.0002691983900784534,0.002378288694072409,0.022971654731488076,0.00021219206802236364,0.00026350917252039325,0.009480728222891133,0.0033577826530047377,0.0007652986107535227
77,0.0005726704890842313,0.014053848207392665,0.002379558581313768,0.005816988529738478,0.003729150496163828,0.03562580487631242,0.0015267028896136549,0.0020119115068273933,0.05948676376136952,0.036124304737734786,0.0075968247179148286,0.0018112707098378088,0.0002733099965105114,0.006355887908016228,0.0027039839215588276,0.00043575517771812973,0.00048652290884534173,0.03508043370796652,0.7801684837986688,0.0037598230774123797
78,0.0006474297170415101,0.004050384711644246,0.00210413218722343,0.0005254344261319912,0.011360691460064297,0.01738856266446798,0.003949493485842693,0.011235642840458481,0.0014564307101890537,0.8182351849941492,0.008527769177964887,0.002323701643609651,0.09068351857202893,0.0013074580468359416,0.002210062949307847,0.0006492414227083389,0.0007553939040091284,0.010572470077268805,0.0051863898734899605,0.006830607135563934
79,0.00021533565173315633,0.0008201773299399931,0.00024227690210914973,0.0005938418140209196,0.008856598830582848,0.00016767187981178797,0.00042290914392113023,0.1791340712690475,0.00014606235816792064,0.7628534492929953,0.008258961036528746,0.0028060528290190963,0.0001707961482389134,0.0001783622145860188,0.027557318549957504,0.0017186261583139418,0.0005792799582685978,0.002887677989011972,0.0022213228451186417,0.00016920779862698284
80,0.03717057692148193,0.000639615163077305,0.0007664698729322027,0.010899238100493447,0.0002663783985727614,0.8608902618457263,0.001973061383550967,0.00028043134778383877,0.0009508994616248005,8.262915544086298e-05,0.0038064405956569495,0.0007288490341504235,0.00037942056844279847,0.0010278935299332247,0.0017278010198388178,0.00016663431254580033,0.0003478554126065414,0.07541820610589356,0.0019192753176709265,0.0005580624525767258
81,0.04128980802058906,0.0005753510630646818,0.006960047399424303,0.003357691998450791,0.0007945431216959045,0.00020044925199040866,0.07514649329524402,0.001761785702486971,0.0013789930204718582,4.9365883447339195e-05,0.0018106587022593652,0.7110752632789049,0.00011805738033137158,0.000557103083097013,0.002687200196986842,0.14789112787997688,0.002490809458490271,0.0002188233452499352,0.0009353639029148189,0.0007010640149229553
82,6.447449721863815e-05,0.0004416565129856525,0.0005716236158822385,0.0011830809053317267,0.0007372608039364466,0.00027551833454840557,0.16000059045199355,0.00031401797733819425,0.000877518312906617,0.0011034506469007942,0.001086077048477625,0.0002669774302190691,0.8101857997335881,0.0008039074835169115,0.00012336585727712468,0.01663187684340759,0.0031158909424888965,0.00017218749704018285,0.001876613412939555,0.00016811169200268958
83,0.016252616478531292,0.03673642366978804,0.2649414749191308,0.2065046147177512,0.0015303050168471537,0.0006890961263005177,0.000281064944421037,0.005970913198434751,0.01113314986920114,0.002449715122678752,0.00332510427736572,0.07921583767746956,4.228744236446454e-05,0.029735460408122232,3.0163138449568608e-05,0.0027906292366758063,0.03773674826878771,0.006434506515504718,0.03774495159534904,0.25645493737682656
84,0.0012397198567554524,0.8771124935071403,0.0035202261527151227,0.001993803833665578,0.012005383180623896,0.023642991510638676,0.0026730602757765475,0.000821570857655303,0.002428342312876102,0.0001599570621094746,0.005254193947299045,0.0041322725905386755,0.0005399786387193566,0.0019357181963821687,0.0008273939726349707,0.0011856457570191363,0.0011085175495573214,0.0006214386863501868,0.04233666757774017,0.016460624533802728
85,0.02266268159796372,0.023600380603450367,0.8729748434127329,0.013410817281664386,0.0009134122764069747,0.001661028582726426,0.0011227057120793262,0.0009914124404379033,0.0009192439611266981,0.00010666714486227968,0.0021801405510396004,0.037553523092576375,0.00025786442557195946,0.0006665151070277932,0.00021482154511803605,0.0017881953918416802,0.0035478498796767902,0.0003759822683253616,0.002864353097978228,0.012187561627393408
86,0.005145404839677297,7.07561331276364e-05,0.004487071476434545,0.02840704898179072,0.03045515147266983,0.0012233854983489398,0.047038677169753705,0.019816283906858332,7.345577726752567e-05,0.28278393614264125,0.06539637617647484,0.015229560602966692,0.007058537049251516,0.0012827763289402542,0.0034544952462568592,0.01986849388535656,0.016172508405867595,0.012388075793051923,0.021769621737202406,0.41787838337606154
87,0.01978552796976875,0.0010439978580285717,0.002208388280456712,0.0022785659632919386,0.0009614084294115437,0.0010953696865281324,0.0007942290576809583,0.05733849682488632,0.0064043852997313485,0.8208881433785671,0.01914457290889316,0.0015961505258632563,0.012196748255550116,0.0020090923358152377,0.03246656465058558,0.00032371155367193037,0.00033638815456356336,0.0046539570359370895,0.0070558305045834635,0.0074184713261850775
88,0.019841631403852925,0.0003243439232936913,0.017011690334054783,0.20122099831420087,0.01834274599163914,7.847035994363524e-05,0.13698376877562984,0.030362492226064568,0.01750564187046282,0.14194798132475184,0.0022829703151921498,0.004658737293333309,0.0002950620932950946,0.3482701136236931,7.785986009056364e-05,5.292891259180662e-05,0.0028284241378192286,0.007095969854608161,0.04211475711518747,0.00870341227029496
89,0.03130811557011808,2.3274579041493747e-05,0.40201104677408267,0.06650540942183746,0.009011466933868941,0.28893309213435314,0.0859979147128203,0.0014177474855889785,0.0029098696123546304,0.0011119851598996732,0.028963431307010665,0.0005401940996100868,0.014384900439370523,0.011578053479399473,0.0043888428149996715,0.00028716397517136234,0.013252868420019902,0.019065101042940916,0.01739226886706668,0.0009172531704453738
90,0.009096785302781603,0.00026471870746145573,0.008046119536720998,0.25544924917955025,0.018996616280472604,0.00034859443360972026,0.0020966074110346914,0.0010595015643204706,0.009945365064722678,0.005883909446491243,0.007233101011178428,0.011744972097150924,0.0007532859075638381,0.22917313608736356,0.006427614944240501,0.3368022242075668,0.004383109978017446,0.027590805506090593,0.0005307259141360169,0.06417355741952631
91,0.03598008818540359,0.0077091318255448505,0.06647713365849048,0.012381349224559723,0.0001912201128545381,0.25291165301861734,0.016836876909176287,0.010860324642897289,0.08114339208205877,0.06229420460879556,0.031143703147912496,0.020124042251905817,0.0003920475868983698,0.02377627502336936,0.06471268669090287,0.05939435467616632,0.13558893854736603,0.045325401145702465,0.06875820034362379,0.003998976317754102
92,0.012801601860020034,0.0007622937722157804,0.12288757982660029,0.10225509404980845,0.03813885364773103,0.03345107343870209,0.0879639361704205,0.1202731494240085,0.001797953415133513,0.004984159992000335,0.0009087391874554534,0.05821900640533922,0.056871613619152925,0.008798013370250159,0.009307820169718305,0.06589722242335681,0.22200522866802036,0.02693159291143488,0.01878178294086527,0.0069632847077660915
93,0.0018988763238207908,0.0005833293451515301,0.002560079840742508,0.0044955002456261795,0.24919982310313285,0.0004890785599593241,0.0019034074577190942,0.03905109066206984,0.07635625432807991,0.004890753207364779,0.0028390448344812478,0.0011546593700701145,0.0005422215587333527,0.002122736783361188,0.0019919975897433385,0.0018523065267925334,0.0012072747821935271,0.0009065464108657579,0.5980128274969835,0.007942191573108716
