site,A,C,D,E,F,G,H,I,K,L,M,N,P,Q,R,S,T,V,W,Y
1,0.05076415149268202,0.05220040190791904,0.05283759721004558,0.047883484857480604,0.05487301503753144,0.053988323059623325,0.04443817939197229,0.05105232332819486,0.051906345055777146,0.04385846034111731,0.05355594689171142,0.056234979003076745,0.047927718408159375,0.06475423337209091,0.051292599714285486,0.03274248829011386,0.03978138417789326,0.06645183316342623,0.042487473891663255,0.04096906140523585
2,0.0009514161353926718,0.09380023907979312,0.011600217498669152,0.0016683670167832085,0.001712995026960842,0.0028243900589148808,0.2513685563169931,0.03220683331077535,0.03486883214107567,0.04172688783762967,0.1335068942136561,0.012766605469511232,0.0015603006442174946,0.08586262534219886,0.0034888989512149157,0.008383343134542675,0.029249548409043192,0.009813075181030233,0.002902584801096764,0.23973738943050088
3,0.13030767677769378,0.016712173144601678,0.15233377649790927,0.048864408929972555,0.005094265591284722,0.0012846144928140768,0.0062902084029554575,0.11594903483367035,0.0012471320619998553,0.03623660437442607,0.07248050784586903,0.05205932939484961,0.03225500404293411,0.004061221357080041,0.16993907640672615,0.020413274784219934,0.07283410460402241,0.010654841062150727,0.0077714985325169775,0.04321124686230308
4,0.06632101532099019,0.010280754646003974,0.0002916009231309577,0.0035918264778277468,0.00011019487671337014,0.009731360155460373,0.01181909250319257,0.005637710449857309,0.03038482386117248,0.028477694997797846,0.5717335379467743,0.054506628953148756,0.012673088815387278,0.06889548195956795,0.02901867790031891,0.005447587767473693,0.02905802706132381,0.01916636200353831,0.022726713213761848,0.020127820166558216
5,0.06477622337284315,0.25765149554793443,0.0007607166692008737,0.025918505612888384,0.13078144189081362,0.051684948193914906,0.0044768624459711505,0.012671212332084623,0.0359997738874561,0.18954071079906593,0.03240952146595522,0.0007567803939095968,0.0006825420684670716,0.016857021476011112,0.0007477620904909793,0.0002284118514147032,0.011999474754599152,0.026042858827508477,0.050661330939897366,0.08535240537957332
6,0.11002019971661074,0.006369254470974438,0.0022686966932928617,0.0013077454412092134,0.5654953721821631,0.00034884458764697016,0.011289337036406822,0.03215140407346358,0.0011037112207676818,0.17230907982672047,0.04186585978657263,0.0005302798256986518,0.0030889780941991867,0.0028579111453696246,0.0005307655117149035,0.00012015954903695239,0.009601235829165639,0.007892567303341393,0.00815317456137528,0.02269542314426985
7,0.001801796588848142,0.5721118115336329,0.0030226139816256774,0.0008572173138999667,0.015108376749598102,0.0009694007614953613,0.00042500217831788027,0.06006596818808161,0.0007945421145492908,0.01631034075494144,0.02442940053177965,0.002947027100867431,0.0002186788325462348,0.0019695157419734348,0.0021587096838259295,0.0001085461777605971,0.007283667571939299,0.09971201797728843,0.18817059768706035,0.0015347685299683393
8,0.006551321131156527,0.007368012390253491,0.000953710929389166,0.0007851446396243324,0.11639261248373195,0.0033575219569410624,0.0008312855128868922,0.43482376566336445,0.013433569890732038,0.37559169661736214,0.013414292007826078,0.0008824702311879338,0.0007354730173861056,0.0016794892849858,0.0009756165882119834,0.0001669156889068576,0.0004961304554513096,0.0019113563030386984,0.015019410727203728,0.004630204480359128
9,0.0017476770260325836,0.0027393813145670204,0.0002698149431777985,0.004342000825852721,0.0034042915100230254,0.00021620332097407752,0.003577145684102389,0.020444283577220956,0.0007813765531280218,0.1641530008264605,0.017093398045837625,0.002540324890139636,0.0010734111214285062,0.0008229824304476073,0.0007461174564021223,0.0017139050768196962,0.015744968290929678,0.7570626510027428,0.0010975894293549391,0.0004294766743581867
10,0.011442655141641212,0.02413193621863234,0.001210698122591275,0.00031790154705104074,0.00045001091458520323,0.003593874285346448,0.018842405282261925,0.4501343650765273,0.0010369457471281504,0.05688354080974256,0.08249099829381773,0.001598954055442406,0.00022771430658358776,0.0013578779111287841,0.0006206722865018276,0.014301393929997859,0.06204126653122402,0.02571035069724066,0.0025696990884187076,0.24103673975413709
11,0.03944731524322651,0.005998360705418148,0.00035010927003915963,0.017804062843663242,0.7360949063370993,0.0017235665337489465,0.0020079519019171304,0.0767363026932428,0.0001861706763302867,0.0063462907330112195,0.0024084936603706417,0.011187263014458274,0.0011790758910736976,0.007975616271407016,0.00029797789683493503,0.014130355229940963,0.004526788761835339,0.03382593401605826,0.03338406825876988,0.00438939006155438
12,0.004733390158895295,0.03076956078772311,0.0004536591749384231,0.005172700265152953,0.2704497741207147,0.00015360384570473705,0.0782559321506382,0.11075831382870141,0.0016736052086320171,0.013206210099640292,0.008004779019321041,0.006951217737420751,0.003007804050471563,0.009124975347804116,0.0015481341404852598,0.016744129848151688,0.06621728471726909,0.36539525425114544,0.006060030297278356,0.0013196409499115378
13,0.03662438032295317,0.010403379464811398,0.003905610581373797,0.024923625320684407,0.003703028263826353,0.0018457406395702436,0.02435408123995988,0.03818954456933862,0.0012955257110798335,0.030933640893534835,0.027736258601109513,0.0021633367340863794,0.007213060384239936,0.0015915790930078337,0.016279777442427458,0.023656977019705015,0.2850936496279667,0.4495870444480907,0.006194818802930263,0.004304940839303633
14,0.1511443857061545,0.028964377222380218,0.04788919464247695,0.028489395262177256,0.018797003770926697,0.2864069112799414,0.018821253969462652,0.01090775001700177,0.024594427148426506,0.058894517457075815,0.023000109990760232,0.009975465449566241,0.006676340807685292,0.0020103505642485846,0.13878130858491455,0.03930542833643649,0.021923332248942846,0.04089242770913392,0.03872263395991186,0.0038033858723762687
15,0.022577692986141658,0.003928432719701436,0.004387614070728261,0.00491491790010159,0.0023390079991453165,0.0028556025192443607,0.003512146133980014,0.01562689368301064,0.005111408218020462,0.0005967161315515651,0.009883343524094777,0.016389417959645998,0.001038696652850874,0.0016634753572305069,0.004653978390356399,0.07580594802050679,0.7454826110004338,0.06958986756107254,0.005179857743383447,0.004462371428799476
16,0.07674831293424857,0.006293213842303272,0.5990024689413685,0.009909483249382093,0.0038442782475427016,0.019399560170573392,0.020580921970772482,0.01098037903547057,0.017160967298526945,0.0034124340116598434,0.020381154859544757,0.02095157749677397,0.0003392729861877971,0.008476397970012532,0.12294849843374314,0.0037858891097885595,0.028641436731289972,0.0009395971690610074,0.008570599429893492,0.01763355611185621
17,0.8484861512929944,0.01240089140347113,0.011983492252535857,0.017364290992270773,0.004614447929568147,0.015642773194767194,0.0032004709125018093,0.003572986793482446,0.0033509856742845578,0.001534061706243667,0.008953973422828073,0.002112008782015453,0.0046844931158839705,0.006957260465418702,0.0021074756453048275,0.014473838547355023,0.005451609933370498,0.015363411408803205,0.013371910228110179,0.004373466298790316
18,0.010309762666735006,0.0017940277780940203,0.8752675781091961,0.009622202885072595,0.002697868099417508,0.019863437949585155,0.007119120293759885,0.002306394752023436,0.007612205787799127,0.0003545793050868409,0.0038825200041217333,0.01154191356811706,0.0036986474870644684,0.002746039988218353,0.0005853939173144321,0.0012286044341794004,0.005506782910268488,0.010383961136710768,0.004348452988957602,0.01913050593827823
19,0.00038527248844308316,0.0017143186791567164,0.00041884463438995336,0.018395021600695824,0.001622979921745549,4.557597145460392e-05,0.0919023472691251,0.0042023642814323844,0.09294404330101,0.0059262279787228025,0.005625171873457815,0.013946233554088716,9.095958253300998e-05,0.10264294854452212,0.25292106621467386,0.30485252900276205,0.05641126873856702,0.005331168252325404,0.007308383952090526,0.033313274158803384
20,0.0005573975459611674,0.0033542863060622647,0.0016398710632062703,0.0010537212431216668,0.0016739400416431484,0.000320690881428848,0.0015381830807665684,0.8323237613372807,0.001744984032785614,0.04187340192005458,0.018034566873150235,0.0013483536886550998,0.0007344763012182404,0.0017514968401522444,0.0038722776609347318,0.0010427081465241145,0.011117636645925277,0.07054103238354227,0.0036911479069894142,0.0017860661005975693
21,0.000643748464720822,0.9080566643749435,0.04035878199056866,0.0014773443959892676,0.005468749115536804,0.0014228446830751285,0.0007024121414624091,0.001280820370668296,0.00144507744941738,0.0011303010170435539,0.0023338617069238823,0.001452815310668847,0.0011979720198853634,0.0014760518913589712,0.0047956359477669954,0.0002218039724391595,0.0015268081576992585,0.0003878587427498848,0.021284793396073257,0.0033356548510087105
22,0.0057620032030550345,0.015462103330814084,0.002514078399172191,0.010954295803841453,0.0021324376833399216,0.00047113357505309443,0.000960966105481876,0.917436666675263,0.009327609626113308,0.0005778806923059242,0.00855280030786891,0.0005642766782208593,0.0018442367958993522,0.001118641608285953,0.002497284011480776,0.00032468217332525743,0.0030729865706108994,0.006728170067085832,0.006947072559948795,0.0027506741328334893
23,0.002292802231718392,0.007736957632534507,0.005235238457574677,0.0016408696581080558,0.0012361614234949203,0.9491334408013847,0.0013069817532411331,0.0006720846388824889,0.0011423532181809694,0.0001873241876794691,0.007553497082683273,0.0012928271612529156,0.0003709569826118586,0.0029487112292565375,0.005111375066482563,0.0023832623329479966,0.0005236370566507464,0.005865942306984009,0.001955433909819678,0.0014101428685111496
24,0.010337018930452465,0.009918343059973297,0.0006423171571295463,0.003156149906173098,0.0384740416696966,0.00015876672656098533,0.011684490895804485,0.0028523109574230625,0.01810597428267072,0.000269556574618026,0.06983290872821471,0.0020734908965435563,0.00021362206833731233,0.042107544321521057,0.000283024403677374,0.003105551701560973,0.014526819268898313,0.000298851200282966,0.0029481941208878443,0.7690110231295737
25,0.05557236033099765,0.010270081027335181,0.008382824883593683,0.0022030983572085866,0.0012428489352956915,0.006775356768410604,0.7147156985290662,0.0006036096623170978,0.0011665547143199014,0.0678886342346469,0.017477849088637816,0.017416043947111704,0.0005733847833149956,0.014813820068299212,0.002375240475439738,0.0024610935984632925,0.02193045116840091,0.04257977521893667,0.0026335419470230968,0.008917732261181123
26,0.9194750334341842,0.0010459301951701216,0.0012397251679371446,0.00812142049626662,0.001510152589393215,0.0010687548393639244,0.0017289796218864768,0.0009594557042193356,0.0012608888419904352,0.00021497327203593182,0.006030277560103847,0.04151698365226089,0.0001555996507240161,0.0011193032317331896,0.00018749242675930258,0.007193009655429198,0.0011178015862288056,0.0020007345020373276,0.0032326691949000163,0.0008208143773760914
27,0.0008039698151772839,0.0013815786776814366,0.07121850852687531,0.0017920723934199347,0.0008482320356829505,0.00019765872252408765,0.0005347849181385162,0.0024999401932871237,0.0014437014303434043,0.00017595174870181597,0.0032023231043347656,0.8716828295482629,0.000652566997194402,0.0012939195430888475,0.0015943243921015262,0.03224152513111487,0.0006372835135333467,0.0003302791954142683,0.001140389340902496,0.006328160772220469
28,0.000277637638362066,0.0008970482237518995,0.003507902917519037,0.0003667946941318371,0.004078198325801405,0.002345076038427205,0.0008520277706102109,0.0022522429529141033,0.0016210819284976918,9.641659727377114e-05,0.018427808609198154,0.9483504404320422,0.0003846393258614863,0.0006960551121283071,0.0023684776928186244,0.006865313541493247,0.0010626594250931422,0.00030878603464448473,0.0022797283397779275,0.002961664399653329
29,0.06376874909035798,0.001485846783014519,0.0004786197124117806,0.0013483217520761073,0.0010964093037961213,0.006411967921920456,0.0006090315329095042,0.0006716851815758783,0.0028358036516182884,0.00021668334481986224,0.003639131988694389,0.1363873037274273,0.0016727316460137564,0.0005228859311348251,0.0017410736507644242,0.7730581438442896,0.0016496943936473575,0.00019211326723893833,0.0012417866927212833,0.0009720165835676365
30,0.0026391045014712267,0.0017946063305255256,0.0008886678826596165,0.0016185655532765448,0.001749539806392477,0.00028746964757745536,0.0011210149336489856,0.0030114538305007956,0.0009631669534305239,0.0004439164985036376,0.0033682206178891746,0.0073217575942579214,0.002548418342522273,0.0010129053632516002,0.00023984357190611543,0.014847527830742968,0.9459426713768687,0.0034403333658694214,0.0050067026338464875,0.001754113364858486
31,0.008540248274811498,0.0017812994898233716,0.729527725239539,0.023688017659497754,0.0022324723485636164,0.001704873296143944,0.0019421450345944947,0.015105287354030517,0.0020323984318516204,0.0028625783876252316,0.007600876522232405,0.009986924683255953,0.0003757052106300718,0.02542310458472108,0.0001752091522373318,0.0002636298410795722,0.13782823373848493,0.002774706599232789,0.009933433338962995,0.01622113081268174
32,0.006051414175504996,0.008614130275416819,0.015292886242815005,0.04687969348684861,0.0027331061428533835,0.0005150543610730068,0.0018145378898637029,0.028220532689287856,0.0011407269409386693,0.10953925569754472,0.03821881105963399,0.011493399028110007,0.003147759909598084,0.004864234854736339,0.012175480860554203,0.006607669520007934,0.6492623949849805,0.045090155407228244,0.006936241309908277,0.00140251516309565
33,0.006940575633399073,0.0022334713786140927,0.0036626851833734516,0.013892145762405165,0.004269120365188991,0.0027633116496382777,0.0037251207947459303,0.005693029867884528,0.0007159030287152228,0.0021492548199189207,0.0021409589468501062,0.0011054314469639938,0.00031031270044030675,0.006603223518306324,0.0002995217598675523,0.0002901462409907577,0.0010863577776251741,0.9369489268048145,0.0028266209129279266,0.0023438814073296877
34,0.0007824225470687656,0.004822021885227156,0.9322236301031881,0.006907873524668142,0.0023949646005335234,0.004227364625447146,0.002633650701824244,0.0022099680555138198,0.000869468784832882,0.0009274641174016411,0.008742476001788839,0.008460314087758764,0.0013843357048920672,0.002957630259473764,0.0006589869181540033,0.0006643124076810462,0.0012000646876736095,0.0012013037450172971,0.005009318647926623,0.011722428593928632
35,0.003968371777055741,0.004332174630856221,0.0026160174108394016,0.0032796367976340437,0.0010384901888630777,0.0004324011346829612,0.004736534973985327,0.006773747741358536,0.02796368737655912,0.0014334275085409283,0.007096998047270029,0.020609351169932795,0.0040595726050646356,0.0026096982349086166,0.0006884901525695547,0.0003695077644374164,0.9036273048734027,0.0012455404343442546,0.0017460469596409928,0.0013730002180536067
36,0.07495291530674436,0.0033089950195290254,0.0028320719098337385,0.0014429199370550835,0.005982415689610929,0.0013327714527140377,0.0014234246750780102,0.7489045168772601,0.0011036043529516,0.054221387722453974,0.017033465300391265,0.001117579417738072,0.04953378113100918,0.00136634982818699,0.00036954626673243665,0.0038416038111039243,0.003614641300563986,0.00855640504633922,0.0029054570831674132,0.016156147871537015
37,0.0012804789541245565,0.0005226526552982528,0.02417341851856753,0.0064982469113551355,0.00088280990006428,0.0034579483179092564,4.674128830340445e-05,0.022509408737902418,0.005544885227560717,0.019482524594630544,0.014298383645424203,0.0088104451389849,0.0003243909701773909,0.04433961597728343,0.26369984419274195,0.479500378602918,0.07082626965031352,0.00037922189605517457,0.0029507128737778477,0.030471621946607314
38,0.7656488076231115,0.004398419226169889,0.0150042559482093,0.12587853333545995,0.0006361593514933909,0.0022658671125114532,0.0012671180273841004,0.0002258977999244258,0.004865344637370632,0.0014611122400780665,0.0033179305159379557,0.00894808697395301,0.00012783727430398873,0.014955390509536034,0.0043188437840151585,0.019828213776077797,0.009476663305510813,0.0007247277287019764,0.015141942228172786,0.0015088486020775201
39,0.0017883983824094323,0.004668026610894365,0.004261393895584331,0.014076385221819318,0.004390226871620423,0.001263929562790312,0.002216871472287669,0.0025945690738181392,0.7502870803567954,0.00043290198002805846,0.035985372331701404,0.011319500507185375,0.0007517084112604752,0.0014432842833133116,0.14825181488399555,0.0014725847472535176,0.0029707407939464922,0.0027127867397856924,0.006060956275121814,0.0030514675983888927
40,0.0163722746201136,0.004431683659616375,0.013506738514148136,0.2663942475685719,0.0019554538484047746,0.03596990939966429,0.010416048507742226,0.0009835863421269906,0.006031571934111868,0.00043867711519804116,0.006157486863948502,0.5833828128605715,0.000638044887293927,0.025309409202054996,0.0006641953872715777,0.0159712208012958,0.0005591200315913854,0.0016436333335392926,0.006366783925536348,0.0028071011971982428
41,0.03681324919032386,0.0039583007993608515,0.0024487928811251594,0.011419428497728864,0.0028413475050391413,0.01650064090670268,0.004096294074639942,0.019851893498888606,0.00315446832197769,0.014551856097121308,0.012670667708896747,0.02225044757161817,0.0021640469240356134,0.0018151194627819677,0.0012553762955643006,0.0022573534624763503,0.0012381846055174689,0.8325756557105862,0.004375511443803146,0.0037613650418119866
42,0.028686900291850004,0.020725320637806202,0.0011935577793340151,0.02649619457568217,0.03178013297102955,0.006297476703031996,0.00538454929459836,0.03286818136343202,0.3497753154140291,0.01711749772975875,0.02861979767596658,0.003256033460689759,0.3267290647797241,0.015575906915359353,0.013159316125353192,0.01696101936965781,0.02869560862288187,0.0010887588298357873,0.01750590568715377,0.028083461772825502
43,0.02901230264893977,0.02633496754610685,0.024836581870872287,0.04971901836523831,0.011974424838345899,0.04275715117584983,0.013942932200755218,0.03352079120441249,0.03591658208973481,0.00023089809994969373,0.0348526603986273,0.03320938276277012,0.019503586870028667,0.02485841032125469,0.008103777109005068,0.023884227846685386,0.023746602467773666,0.4916832960797217,0.04255812691188571,0.029354279192042476
44,0.01495919594487149,0.003327733983019388,0.004733489926806503,0.007124982903413931,0.03440103752853234,0.004650182500073259,0.006084571226741247,0.008290603828738658,0.006724178151683581,0.0012339661898688697,0.011318346380230696,0.0009528844240752713,3.48718929637426e-05,0.0046794995367843185,0.0011196373155901147,0.001559046878148256,0.869195615599214,0.0025280818271938305,0.008623774763477995,0.008458299198572418
45,0.003888011768439586,0.005124826548180783,0.014351942970043849,0.0066658374056601,0.004421144351356993,0.0022594365331593492,0.8894310775204374,0.0016725382271296455,0.0020178238496874855,0.0012082733118926456,0.003922968901742435,0.007999353877732441,0.0029549687145886358,0.01909959143437115,0.0024947311513768837,0.01349343768453069,0.0029100766605030383,0.0016191088822414326,0.007573139120779217,0.006891711086146282
46,0.04950209180865933,0.011557736772044956,0.02760869760790943,0.005978729048862908,0.024395222220158105,0.0031406807591542324,0.011554350525474858,0.016174530939395543,0.005501945566807007,0.04848370064666673,0.08456538056023608,0.0064745657273731026,0.004700267859445747,0.010532115116425936,0.008436435112041724,0.5895416070303855,0.0041807691652937535,0.005671730754129104,0.04346649804641765,0.03853294473311808
47,0.02149564074209162,0.01709355536021017,0.0034483055303736435,0.0014365388616777157,0.050466667717963105,0.00016109649213884766,0.0008087250409845847,0.0830066957139608,0.031295800585858666,0.015959309492058805,0.014467475264285459,0.0006494261449947413,8.170442574749304e-05,0.014169981086297342,0.017819396935885277,8.8041256849492e-05,0.002258453825063957,0.1914564356854108,0.0031711974579268316,0.5306655523802206
48,0.0014367609524358644,0.000994113666444725,0.016702519043734692,0.010434494270372388,0.0007576537204061801,0.0071829088295652,0.0016159954602108387,0.0011210856417481821,0.001299589475707567,0.0008322837953168682,0.0028576183628064226,0.44876755349553726,0.0010901838962290998,0.006438074724564969,0.0012677503894649245,0.304662208541683,0.16884844505674682,0.0014262850691510098,0.02132719383769019,0.0009372817701836752
49,0.0009251927224430329,0.001604636296771133,0.002447530579922041,0.0054789756029454744,0.06675046073896622,0.00029587750644027833,0.0012327434974333795,0.07229773930346427,0.0016835077705417423,0.8130369081264718,0.010806891265698525,0.00230296269993902,0.0025385889971384014,0.008636031187797958,0.0013604315013228414,0.0014578631778087,0.0003113792581752823,0.0019415953256162989,0.002226452863888372,0.0026642315772150513
50,0.004831656348925625,0.0011796156822254141,0.0008677341126387576,0.0011943987688790986,0.009557445147884121,0.00042743497805298244,0.0009003109695269944,0.00851166511962623,0.0032556001805767233,0.918475879075853,0.02403699794558718,0.0012014965589587318,0.0032940679016687383,0.0022308498281225744,0.00012942769888683967,0.00038676633453442493,0.00041030909398653495,0.014863378600771934,0.0027383616488974526,0.0015066040043965369
51,0.08037005475712083,0.40060341837597907,0.00693256479339953,0.14765156306171562,0.00013957111389341234,0.001864221418924675,0.007350154333571022,0.17740996635623013,0.03077118867800504,0.0009230103095129959,0.0006059265811181003,0.0007954730983016078,5.103881563264858e-05,0.0033695523892059488,0.00010978106771346716,0.001310907253798985,0.12253903517033526,0.012820340392884091,0.004235172547402025,0.00014705948525560266
52,0.011719703226240337,0.001971054001948916,0.2566107688731769,0.14141116210305907,0.0014218199417175702,0.0234167344316586,0.1384935012908985,0.007305051588011595,0.06339244506828512,0.007113962378872389,0.024465230297337874,0.0033057302260345485,6.488878898912358e-05,0.0013326343690544353,0.0031111729300226914,0.1587802012294488,0.05010043544133377,0.04200463524398364,0.0022399423766247236,0.06173892619330139
53,0.09225924660418686,0.012344195852568362,0.0031691724248934542,0.1752936650647459,0.011633108317400186,0.037323271096784454,0.039795833127464916,0.02716753263693292,0.01608285255408701,0.057164508530228725,0.001979070393462774,0.027645340807421922,9.80844971157521e-05,0.09100044021811049,0.03334397002447769,0.11063806373233144,0.21105057935803204,0.012320229500286314,0.0031595635140072766,0.036531271745461315
54,0.28328256299759824,0.0006058104675906215,0.0031890431911108185,0.0019821900705208097,0.004175827404257314,0.00041383159615301853,0.4956455168545976,0.00035822728703481434,0.00039118484067224616,0.0001186081194780748,0.0052417891133938275,0.021693770211192037,0.003272894539455282,0.0014446299264884751,0.023730559720397993,0.0657004419504796,0.009449153775589908,0.005689190051948888,0.011469086356593565,0.062145681525446674
55,0.00044426029130033426,0.0017605127529788079,0.0033936526575359884,0.001592311398984876,0.002590414301138807,0.004322530141471418,0.004453483902834361,0.00809340099748352,0.007316909152497974,0.0020021561550020214,0.0035860307720073366,0.9477657178648395,0.0006561340839943594,0.0013648981701188106,0.0002825701137468889,0.004387256355829857,0.0036078068310707776,0.00031358385144412607,0.0010670438540674226,0.000999326351652911
56,0.027530649338616712,0.0011932771463497225,0.008951624676849531,0.02218428129091592,0.0008949417793250961,0.11880444002210752,0.5931870686936337,0.0012427571776670071,0.017210446596451715,6.948210660749536e-05,0.004234800933883198,0.0330992065783074,0.000704403498187967,0.04600658962661632,0.00044152991414925745,0.09287452945430641,0.0004084881924729266,0.0002776782818339604,0.013814256540465083,0.016869548151253203
57,0.20389620358987856,0.0009481356876319203,0.004338845718033696,0.0004529739433952473,0.0009728122005662347,0.0003312854461599579,0.3279910029392623,8.103785825767396e-05,0.05711294103307065,0.01739020754971688,0.001132949438009924,0.0003065731133296327,0.00011034677598820237,0.02511166885322061,0.046565066746843055,0.00012005399291162772,4.951224145347442e-05,0.07597521437415213,0.0036744944750654947,0.23343867402305282
58,0.0007885563447747398,0.001442290336214386,0.0016892694537223912,0.005327339542588471,0.0008862685292915313,0.0008940815606143647,0.0005552785397737317,0.015028789365817845,0.011162875175685597,0.9142466927443363,0.016577048139857057,0.0003341659071959249,0.007509349092785569,0.001784247308436667,0.0011218989150431709,0.006760094034447435,0.0005889427464902758,0.010477297128070379,0.001901444224492424,0.0009240709103617239
59,0.0006416786640741929,0.9452804522233362,0.0009969717555060541,0.0012360291479356442,0.007786647945095313,0.007607662676789361,0.0009756381188396776,0.00032127328359137967,0.000996991514814076,0.0035148183731789095,0.0014061783818367442,0.0019294349533836436,0.0015315942675322208,0.002414923366758225,0.002291153522030202,0.003330646892808314,0.0004288471819523558,0.0005290446610905637,0.011508187586315959,0.005271825483130894
60,0.041032184222509004,0.0011485737982046328,0.006946510151343583,0.000572168642933165,0.030054199514588813,0.00010545097805850073,0.01952269489758889,3.0867919009465276e-05,0.12569170670714958,0.01861584898496996,0.012476691402327296,0.11726525073195546,0.00039621661698479606,0.0007603329369805255,0.11015296423899347,0.1105920848272281,0.14290653341467424,2.4616318127514193e-05,0.03111761136197563,0.23058749233439738
61,0.00019863813465519623,0.00029134865186047974,0.0028157248199683757,0.001283407643456249,0.006465474682684859,0.0002999317282847574,0.00028784572536866493,0.22102288274855325,0.00031483895981730957,0.5985911809917378,0.027602034958676257,0.0002070516513250341,6.849513103182875e-05,0.0005917605758458439,5.977757884834339e-05,0.0011533771860590433,0.00012208960478033633,0.13238667922324052,0.004545452552432213,0.0016920074513736964
62,0.02157145456906143,0.00021687653341381403,0.002944339905558726,0.0060120156634152965,0.12721724028649156,0.010560367662128943,0.007857381238792278,9.199454246965263e-05,0.0736399069951344,0.0003084849775545719,0.027846390621135673,0.2740318958173141,0.0003627569481039925,0.007328605351783647,0.008102350532310097,0.013949580662952972,0.0039479428893649145,0.0002116856632526612,0.010230166256017071,0.40356856288374415
63,0.0007476602881331352,0.0023105370890923577,0.002130779405219319,0.011902262943140288,0.001665293346635832,0.8492701310555819,0.001785376455955737,0.0025239106288422065,0.002895143303819471,0.00044811126141431934,0.009110781875244727,0.007998283052819658,0.0009435517889005976,0.003944401095810416,0.005529359165356732,0.07464330706061727,0.0010529707200868828,0.009339898821049004,0.009789684535768332,0.001968556106511636
64,0.011836453533226278,0.00020213343268163015,0.010880710610882327,0.017835741239166415,0.0008553046475741283,0.023379406410539684,0.5979758148601588,0.14782336908361898,0.002229775014196408,0.000576970869273873,0.05603191021467644,0.008489890320970576,0.0006169432696126317,0.01932188210049639,0.0072895623887051205,0.01087018912161988,0.002179880413297303,0.0769960693226071,0.002393448679196781,0.0022145444674991467
65,0.04965053647645201,8.978450836591293e-05,0.05990329533428174,0.5390438050815818,0.00038612497135916227,0.013517976156742904,0.0007609389394107347,0.001246905090615487,0.0410394915488609,0.0004029047873197858,0.011480726314847613,0.009856104774101745,0.03182183925642768,0.05004715018992452,0.009474922507007712,0.02139415165776766,0.0334264639614081,0.002665112410255076,0.0053545172153954945,0.1184372488178739
66,0.03784190269227413,0.0017503132898477954,0.0025535175025169633,0.0017459367965646812,0.004000856286030813,0.0016510312924128952,0.005475001900977025,0.0011243010877374743,0.0014046542585735926,0.0018544083021558577,0.004742090613802932,0.002079733870965651,0.91626232493224,0.001517770317343208,0.0003187502916043901,0.0014025783720046417,0.004406768330369107,0.0011541935033228424,0.005827036228253048,0.002886830131002855
67,0.0011371731896301566,0.0031868285710952324,0.0023193642396686816,0.0029666828216291263,0.03205929471497117,0.0008353601518113342,0.0011856406586211526,0.009809670749987719,0.005556820825574112,0.8397038729825724,0.013626516414633024,0.0014712260225500124,0.00452656252344271,0.004403333834222613,0.0063552245583831084,0.0009542051272230474,0.0012544681471988325,0.06080898558478143,0.006384601971529111,0.0014541669104748787
68,0.03800305246595199,0.0018735759852795439,0.17787580868889707,0.15674545846027887,0.007393642811377624,0.002745021888702945,0.03304712762196594,0.03064850920000243,0.005829092699990707,0.17772765770992138,0.11029932720674605,0.012274465608957473,0.011827206671426081,0.07249728901680391,0.007572659357352021,0.0165399737610757,0.04564056147138579,0.019008042999998177,0.002480371638543635,0.06997115473534284
69,0.00037360313796428157,0.001060290805668282,0.0010070008048526308,0.006842325755079348,0.007676924462925183,0.0005148288060346579,0.0007062932792400116,0.0023304590914794317,0.0005017138454954375,0.9504007039253123,0.0031136018225109514,0.01295837819985548,0.0003765944045796205,0.0009517133933244664,0.00017370185514238218,0.005130664053675935,0.00025241322854320123,0.002093491477105115,0.002292748335282254,0.0012425493159291857
70,0.01947484622209487,0.0008092137541232558,0.2939296054597105,0.07831140053881804,0.025613496543323535,0.20954427083976407,0.04711836718878445,0.005169017240382181,0.006433498567838216,0.013815846837122192,0.03681562371816179,0.09852714627827838,2.9371664683429154e-05,0.1331874091370979,0.005538657742174156,0.009340320949954337,0.0022138178530635285,0.0015730499970646053,0.002702374533052996,0.00985266493450729
71,0.00027441568792527926,0.0002842929897419887,0.00021545220903189987,0.024279584172439802,0.003062511426894008,0.0432192826561455,0.0015877223182962665,0.006465886291169278,0.012192679312894535,0.012678792728841802,0.019142138174724984,0.0040572290503390895,0.5604500936184635,0.018074652032226288,0.0017236792358544463,0.00836824155942758,0.013588918671518202,0.01319904393439374,0.0010967260135391062,0.2560386579161327
72,0.00034235718370829494,0.9794963417938232,0.0010378723709080315,0.0008579174708488928,0.0034426450740064982,0.000529749551821145,0.0004256282047173692,0.00044084673453016385,0.0008487343034928924,0.0004183667544271315,0.0020365707888890337,0.0005527621262162286,0.0001043256273412243,0.0008375219675836312,0.0024243205692967016,0.001901883263850191,0.0002583547500657378,0.00035807901122641116,0.0010114702172000795,0.002674252236047247
73,0.022302512520886338,0.0006903030002515847,0.06591553288220345,0.015568087440487965,0.0029946643786698496,0.0223325028144438,0.0020737620016478956,0.0004291560318615066,0.007557630110887427,4.330070215513126e-05,0.007999329767203137,0.3472945596398454,0.0005920997096868208,0.18719990166059153,0.00040010590629626985,0.2901825426227509,0.015324959852775483,0.00015268571615008878,0.003827599929070058,0.007118763312135332
74,0.00021006976329285135,0.00024123822400681482,0.0006894097421161034,0.0012039188468877249,0.0985039155963472,0.00019520005818095647,0.00030906332697922044,0.4906641129891524,0.000990026252815807,0.21389893248461292,0.007825150801160238,0.0021626347352305024,0.00019229922623588053,0.0004382117532275514,5.02098373562563e-05,0.0005135521155805296,0.0006069236404919384,0.17942258833730462,0.0016538423966560888,0.00022869987236447196
75,0.002170860770321547,0.004033016728846373,0.00012630150179723494,0.00022232224754524833,0.0022849092581303356,0.0004977586308192972,0.05333514452556949,0.07468421857235426,0.009060986593126751,0.4511321878702566,0.08807495712657554,0.00907119887874888,0.052791832346795665,0.02235234860257266,0.0008152086422583142,0.02304364098724821,0.16726398790037278,0.006781176257118284,0.002075522321771481,0.030182420237771068
76,0.01005468271597546,0.002279506023310949,0.0009002755142541906,0.007032946983459026,0.0023378879960104433,0.9523621900493837,0.0006758742234316006,0.0006853720926748689,0.001841798241824116,0.0001795894450118412,0.0034899785825744417,0.0017569172922782996,0.00038670884458583436,0.0013897873914579817,0.0015731480706886254,0.0004313151421014191,0.0017268143793188102,0.008346294695308103,0.001447027301122636,0.0011018850152279226
77,0.0008968692840587059,0.007793145633446757,0.0016178322468889295,0.0056198736610281515,0.003342965252400352,0.01496101938263427,0.0009561694368579668,0.0009300786329726888,0.0024711229962928786,0.009652866270764726,0.0016274588460441174,0.001134258569338627,0.0010269533376824787,0.013557428915251303,0.0022154101522110304,0.00026654201540656956,0.0010107655306989245,0.0008070153058582714,0.9281833383239256,0.00192888620623759
78,0.0005593230637876663,0.001680094080119631,0.0020013961393944625,0.0013913444025227444,0.011497297977440112,0.0002223655138893605,0.009740341314785296,0.025681499963049775,0.0009131779162329304,0.6830049919032627,0.01349729636242249,0.003131990045877407,0.012173701453467809,0.0021062876315776783,0.011539222350092762,0.00026076877256180477,0.0006543945426201675,0.21497977027735488,0.003855592428264508,0.001109143861275627
79,0.00015662918277832533,0.0008888813910479854,0.0003365974641962078,0.0019294294768587826,0.003636569087625284,0.0001215112671322159,0.0005322523409638511,0.048017438781967785,0.0024266496655792717,0.892763912078482,0.020680462802668626,0.000317258204091907,0.0015164072184933866,0.0050751901947479906,0.0006699800864303147,0.0006812507439823981,0.008495535593925083,0.0010301045548618258,0.00964515614842219,0.0010787837157445316
80,0.03066608554459186,0.001212721224968623,0.0008282338195821583,0.002073254365131103,0.0003035211038589727,0.9193239801750532,0.0005049871088027838,0.0003466276735853185,0.0007451063639640882,6.49685217694823e-05,0.003970782470890035,0.0005600706531051491,0.00013587598793286823,0.0010360598155808112,0.030665778172340574,0.00012906349262836638,0.00037635475055882675,0.003961149488096147,0.0025400115793682743,0.0005553676881909787
81,0.0401491667916937,0.003960371836727579,0.07578375420155493,0.0029719225617468497,0.0012639206170600185,0.00021008642965636824,0.0805527193088262,0.0014571097635559418,0.004999586090513575,0.0002306848011246312,0.001818490047052789,0.7315186617167058,0.00012383611866370814,0.0013091195007707182,0.00015261960054351888,0.04577945246462155,0.003951799821393687,0.0007864636971541629,0.0008641164324641064,0.002116118198169966
82,0.0008239487144547113,0.014401248321656282,0.0021229375523321072,0.0006608635917127249,0.0005832208722020151,0.0003499240008912461,0.0002573861694971791,0.0009182348529092945,0.0007404214456808642,0.014530441819794336,0.0012150773773739,0.00019020075565806644,0.9535504197353529,0.0007808221061402732,7.885231450297928e-05,0.0003874820533128172,0.004051237069304464,0.001516397707887684,0.0013608755307213088,0.0014800080086147284
83,0.02017254748608918,0.010824289631567525,0.006205128428161026,0.5858588487573834,0.012750416276074998,0.014542429233147391,0.010683957874397881,0.0010141961791625812,0.02143506625972969,0.01724842516188751,0.0012343515511627687,0.13428398748375844,0.00014135652911357458,0.01993676352084388,9.619556293112805e-05,0.01630915762796886,0.00983447401612487,0.003808737552118085,0.10713588962063818,0.006483781247739161
84,0.0006025983331492235,0.9463961694969905,0.0015435674047093691,0.003427857251088251,0.007398701334023189,0.001154728156669118,0.0013475762451577438,0.0056918266547374505,0.0014057315299140442,0.00012621217558360392,0.005698936905281627,0.002253259320845233,0.0002860450666371214,0.0012098226575028822,0.000941393594731913,0.0020013440119531945,0.0014417910104826594,0.0006825197099352675,0.008558003792319453,0.007831915348288218
85,0.00037843282705252136,0.0009455453584398472,0.8504870704432401,0.09365880973228656,0.0011330401264995726,0.007879186991549565,0.0009203316743653412,0.0011525056093386044,0.0009724042074275263,0.0033514354959699685,0.005872440021053346,0.010441328768820809,0.00019220238946699822,0.003788805898969799,0.00030829686806066605,0.00046152062750416114,0.0004286334610786828,0.002858521101490461,0.005367075868178946,0.009402412529206454
86,0.03753104120243224,0.00029901992953046825,0.043249416753202666,0.06638919465746966,0.01144028447410137,0.001090850507556388,0.10819722449436421,0.012328418942736941,0.0030667537511668347,0.22456135283102494,0.09712193436085416,0.02448800289373224,0.01818905741477291,0.026845757209201872,0.003321700645921519,0.04537864991107952,0.015114460600008546,0.00458961867226766,0.020681621679858944,0.23611563906871696
87,0.012508028013884058,0.0011970929795520136,0.0025197610035315498,0.002749802118213737,0.0070564081145931806,0.0004992913970149414,0.0003399276092500256,0.21813552684953502,0.0011094030017073824,0.7207715280244248,0.012135657307781867,0.0007217341801787555,0.0019976537794239775,0.01186813759460741,0.00016503108358632317,0.0007801619683441921,0.0002200468921309442,0.0011400392256920627,0.002673551639977174,0.0014112172165704861
88,0.06410476546221897,0.000719311261124583,0.0027111461134551717,0.02995630353771924,0.05112377453982018,0.020117891379920004,0.0022732399926712788,0.03167262478865864,0.002994446245640449,0.4960905850495943,0.026428395767356703,0.01248464311466625,0.006822000062864195,0.012846217116594389,0.0008075442789490854,0.021116321984214207,0.02276547463984744,0.1285498349802884,0.0022854369948854623,0.06413004268951122
89,0.039824328541159255,0.0003845368811766256,0.16513222345363957,0.0011923049168492234,0.022267691596361168,0.07559922662669727,0.029325247800427487,0.05704779319350734,0.0019437170267831354,0.05485926071837768,0.1005516344716899,0.010687997919641442,0.04188783144990124,0.010934831200141977,0.0007097327990390325,0.02695030563165624,0.13211713023635535,0.10664956777906177,0.0098864438208052,0.11204819393672898
90,0.015190842974164266,7.330333299372413e-05,0.017496543135607785,0.024045038689591756,0.3377992749508743,0.00020922426396720689,0.026631659298649076,0.01602091585630336,9.793550797486161e-05,0.051019491451909524,0.0005280461692762929,0.0024574376597077075,0.007279371622371874,0.0019963860756412916,0.008811934699416534,0.44060456430051154,0.0365517653898433,0.010923871607758661,0.0015527454243714287,0.00070964758906547
91,0.023576518340222553,0.00018860164989930458,0.0008632827736152645,0.4706853063887107,0.009697646496175575,0.0005956316882894043,0.017678665840336494,0.028353464424956117,0.024741355208638738,0.022002766185308647,0.017911490448239576,0.22094881195860083,0.0004206506704591056,0.04807555498771279,0.027676578666898072,0.03039547458905233,0.02203594145909187,0.004729965799841581,0.010503389357442305,0.018918903066508785
92,0.0002527003851679586,0.00019447098173442113,0.13153776704033615,0.06363983905827368,0.004395728432395181,0.0023720276497826336,5.676507460131581e-05,0.0005972083445943006,0.001581087491361295,0.0020488787332291194,0.003357574081827325,0.007176436808181013,0.011061588352658752,0.6903803953760516,0.0008770174506033219,0.02222438136206164,0.003686042943458866,0.011413396341898658,0.03585115282607031,0.007295541265712671
93,0.003416352103125527,0.0024956389899196975,0.003342595419712604,0.01046510144637822,0.0058980434677539445,0.0008236156000572953,0.0019271114915805116,0.0013312166290373327,0.0013205843598307076,0.015708900085820533,0.006242515647922025,0.005413683297604312,0.000701906326415441,0.0015530982206232236,0.01481052664656169,0.00038245664046675725,0.001281461813045357,0.0013291469761612911,0.9076111658603284,0.013944878977655121
