site,A,C,D,E,F,G,H,I,K,L,M,N,P,Q,R,S,T,V,W,Y
1,0.06079095055650262,0.04797973704695878,0.05371840170778799,0.04183425154189476,0.045946489432722636,0.055273279904692114,0.062492322917188974,0.04490221113957662,0.06147858556724389,0.03697678182210274,0.06225934306373987,0.04996220799220579,0.05608814876980819,0.05474775877012637,0.055817101474900356,0.04544674779859164,0.03270464455230016,0.04495769372794598,0.04919917873715091,0.03742416347655971
2,0.01160934343351215,0.01908282339451414,0.00011408036801193182,0.016114824768059165,0.00863292955046796,0.025782697570520013,0.04625193573670981,0.05180602057512406,0.06870671576867847,0.044052159491821036,0.05313431331874647,0.037940219819886475,0.020637360167828783,0.0004620047524975159,0.0026559550085827302,0.11464211895727762,0.13540137144674153,0.0041326749367380095,0.003680164583627751,0.33516028635065453
3,0.11677073007466822,0.02026196867531867,0.0954113727148855,0.03975930353767453,0.0022617282944487034,4.409990967182465e-05,0.003521533962452241,0.14756392786023342,0.057699133103588957,0.1516367225383972,0.001963558899217181,0.048169389074600694,0.017911483529162817,0.01952609979564563,0.08403342985842116,0.028186287847648973,0.043007697951030856,0.08719922320552546,0.0017612256929776826,0.033311083474430486
4,0.08613389201292984,0.0007229140262527481,0.02439484403775364,0.03521940293053779,0.000924430034490499,0.0011195932224798166,0.009066862654712245,0.008127734737308323,0.10089046605622459,0.05373688217242907,0.005760852750840142,0.047767012002919766,0.007687922028782498,0.03155836892565648,0.015549869835285616,0.33793745321697777,0.008880542847781846,0.1733694691054843,0.003288460217147053,0.04786302718400599
5,0.1723218154770222,0.04760210948836777,0.0007813913734158048,0.0007642281964191781,0.24032954819965488,0.014547988172666273,0.10810580430949716,0.011342216209780613,0.00038628384495093275,0.16982790387388783,0.003002399202940762,0.000365228345753324,0.0043008471201353045,0.026644609793489284,0.00010969117092053172,8.227356717720332e-05,0.012303815319416392,0.06244585963418315,0.12451781165279878,0.0002181750475224603
6,0.015206377333275772,0.00726171873387399,0.056647052129876134,0.005211644846580936,0.49024497268620976,0.0020983058831197695,0.0008721592194198959,0.015081535561634487,0.0008309642894562558,0.24405575920120134,0.06600280362371899,0.005185186131181073,0.0038821788817728024,0.002432789046462187,0.00037945378833127024,0.003628149632838927,0.00024888727823426683,0.05540494913965652,0.01088400436640768,0.014441108226748064
7,0.006878558344048083,0.10014528798793335,0.00043267056207108083,0.010388312261984308,0.05827847827997273,0.0009974395599999313,0.00025254526684835295,0.0035966260759058835,0.046795252149822414,0.32242731295110905,0.3448724825602196,0.003013447722307485,7.075967911587751e-05,0.00048766759302898736,0.018329831610758466,0.005301306416413492,0.016706428992215944,0.04637481353148236,0.0005574521561970703,0.014093326298565469
8,0.010393655733229886,0.049588935756552995,0.0007095997371978405,0.0006496116729524425,0.0679822088998242,8.669100872496624e-05,0.0011754331667756435,0.1856415013364524,0.00027654578454060165,0.3421214837416175,0.04742875059874721,0.018208421515835627,0.00132996805636698,0.0015779395435308568,0.0026143573831109977,0.00035936570739887537,0.0003978219244414466,0.23837242901188477,0.03040771243091529,0.0006775669898994704
9,0.00502076171754428,0.029126615925251235,0.008108455700136798,0.0037540981756933626,0.029596479095932025,0.0044168894767880875,0.004749941451468919,0.002575784479499672,0.0011090122228552982,0.5938716712982514,0.002836321179337886,0.014456838020414815,0.015235579618066883,0.0022459074786068587,0.0007933446682782725,0.0018352077466856414,0.016418991262439512,0.18168939316136357,0.0064244193423943835,0.07573428797899122
10,0.022245262479366115,0.057680819123225854,0.005427598121661194,0.0005467471086280993,0.012802535458318266,0.011672104213368482,0.011778685746738668,0.09786505126608214,0.0018230206115308087,0.3247103853788038,0.15029999126914756,0.001727034227375969,0.002365447291903658,0.001393011599660106,0.0036608307158466896,0.02310226557768292,0.0567303763875661,0.04375915608099053,0.0014359787991734935,0.1689736985429295
11,0.04622579527811139,0.12910227083885112,0.00018750413570805228,0.0297669807184354,0.012286204438003876,0.003321803863618857,0.26998561675496274,0.0029636732964362206,0.00010486104840366218,0.11028849996844484,0.21468035195630314,0.00014741662345357011,0.0003572634429806323,0.004251854170973289,0.0023559034015181684,0.018234625266162124,0.018851558329923843,0.004944164177171698,0.06882104160462477,0.0631226106859124
12,0.14843782004683992,0.26884568808398085,0.0008102664888560721,0.0003744757113910183,0.1615784002015609,0.00010215141120599897,0.0002657779514696258,0.11714625385264435,0.00014904990846599628,0.07212467723432221,0.000685646522216105,0.007341104893703002,0.000844448521756717,0.00042330301957423257,0.001286584486969726,0.02819330117097697,0.012048153500690623,0.08825838861270777,0.08936215293486226,0.0017223554458056915
13,0.04533132564274761,0.007881381348020113,0.0009905198900762439,0.0009640578264516014,0.0012251199297152213,0.0007599552763274723,0.028690286877971097,0.03273348314876127,0.0007136398413959855,0.003716363277872207,0.005293723652630091,0.04448280814794636,0.001521563241852825,0.01631007420808286,0.00744086527042084,0.45660985116255803,0.04616866011058794,0.2946710170657775,0.0037104726547078056,0.0007848314260967837
14,0.32192018792846394,0.026500770888709477,0.04359290056554057,0.02839580474739009,0.03365069261995545,0.012718154408664233,0.01056579018916592,0.010112535280659576,0.011753224968371615,0.15021204697319848,0.0344848726050381,0.018590887385590175,0.004056136300432744,0.10775652552492353,0.044122735538117915,0.03042261339083431,0.034480624441743116,0.03809027633731678,0.029483636007093455,0.009089583898790384
15,0.04474220944995315,0.004962435681235745,0.0033687076752707936,0.00353700861643363,0.0026194869138059093,0.02972278027880019,0.0014311000220810202,0.019478673534363968,0.0038042538352878108,0.00040818111289022253,0.0033567273044434434,0.0024768775405314995,0.0028944850079964954,0.0017589365750263774,0.00042280418886234204,0.02059449278500897,0.6751093396912765,0.17503182598665773,0.0032721482325945082,0.0010075255674795978
16,0.02839690743281267,0.0019211029591512869,0.38236328074785236,0.02436588550980035,0.0013879668906628172,0.03668471092246813,0.23935211270430087,0.008894251652321975,0.02959498309225708,0.00025571379963457353,0.02754953620377648,0.025014575947365652,0.0011944509441970703,0.00860130306960563,0.14661057782332929,0.004567184246618759,0.0029692464447721697,0.0028289091185351245,0.004727214045631588,0.0227200864449059
17,0.8784671368139296,0.006540406157126146,0.003804457879640621,0.010220224361762209,0.0037513734811318203,0.0278761163502099,0.0028658492010961083,0.003170392961716567,0.0030232948915470217,0.0009757422929877723,0.010776340399036126,0.003996343301891799,0.0007858494163010278,0.002153991473313103,0.000718310571757955,0.015452260983927615,0.003689319025570945,0.00869352496185745,0.007997171882585172,0.005041893592611206
18,0.013175476030352073,0.0016389247864280108,0.7427146617242713,0.014080545978503445,0.0011451164578430218,0.01462801675443271,0.0017990667436474867,0.000938482036646914,0.002993116157459532,0.0002949389535814777,0.007386814430783959,0.00779338577706591,0.00218764113817937,0.001432791669242968,0.0003059632927442361,0.0005954682017947053,0.002636109330344805,0.008430559532535303,0.0060513749923007286,0.1697715460118418
19,0.00044825384359113604,0.003424886549475525,0.03234877733840326,0.025813357974046727,0.042927328240031294,0.00013909655925790004,0.014041655744202856,0.003659781621205469,0.11713613011639776,0.0433162614914573,0.059921816513876895,0.04647322262349151,0.0005818606438695769,0.011335022305769757,0.1892375102165048,0.047348220975242744,0.19062488480931908,0.16602317938118302,0.0032863456782257217,0.0019124073744477843
20,0.00042016959928554634,0.0026569444434732126,0.01633626563441537,0.0010557506333236646,0.0017627632440984139,0.00029965405263109745,0.0017604761752721247,0.8603008515180575,0.01032203686174926,0.015022937775555002,0.009091846831491796,0.0010404287891527398,0.00043757317372989426,0.0008426760818466858,0.0016784553291966404,0.0003749025521035818,0.020245486383616923,0.05018286732878397,0.0029819401735358855,0.0031859734186807077
21,0.0020915965764254133,0.948429952841503,0.0009519577189705257,0.0008514887967111015,0.014009930433317292,0.0015436853802857607,0.0008166754308787485,0.0005255724150753354,0.0009244011797345396,7.428675285822498e-05,0.0028181574041264076,0.0004495794129893008,0.001915872819850925,0.0012420279635160256,0.006621370667771436,0.0013214916964428417,0.00029698100202699715,0.0006227816333825635,0.008421410778380755,0.006070779095752795
22,0.004514498841473915,0.0015178024780851096,0.0013031955246365326,0.0009229484780123936,0.0009295828460033869,0.000970689776062642,0.009006878073410262,0.9436559411334889,0.00844788124570642,0.0013464239457873467,0.0061234152804822955,0.0006716235345886762,0.00015539093547854761,0.006566947946230075,0.00024513772272391975,0.00026979881108464126,0.0004581564497692929,0.010873405460518421,0.0015340057633976075,0.00048627575305939624
23,0.0013976943449481507,0.010849068446296553,0.009076532860684983,0.0017555978842599888,0.0012928996917364222,0.9383941084237786,0.001051158222131919,0.0007217911693377237,0.0016777512496181327,0.005044739114831981,0.005372084099515976,0.0013071673698403397,0.00026952525043631156,0.001695852158188449,0.0010286664209609143,0.002198103211755419,0.00046500500473733417,0.007702614873663467,0.007351156450323312,0.0013484837529541044
24,0.00043522312049287766,0.006616412295361439,0.0021807069924621196,0.00031947780126076377,0.16117763746643743,8.594582797140726e-05,0.012589918440739974,0.0003408850471306808,0.0031231760447343634,2.683832727913859e-05,0.001692389493648691,0.0011781874820912287,3.128996513495046e-05,0.004165107704661382,0.0035544382475986985,0.008874482972993434,0.5668723641760945,5.642947939847303e-05,0.05470865806593743,0.17197043104857093
25,0.01713532336054465,0.02755335645066679,0.006831716727939492,0.007926604394219178,0.0006744859175672009,0.0001228392755453184,0.47945235841485606,0.023152544090681713,0.0009161722963830976,0.13864994452046003,0.0021073057657854423,0.02563567515184306,0.003066105567497927,0.19374883516975358,0.005543926283011818,0.006183031148795191,0.023852874575444667,0.025738235812231253,0.0016978028140031832,0.010010862262770088
26,0.8832603445203004,0.0011480668809386214,0.002028267532914119,0.010158341174240814,0.002316520060205189,0.00391334516328896,0.0009135753384567341,0.004905272813101743,0.0010222292953502579,0.00023657971552626712,0.007266809414453365,0.061045658163078324,0.00010227731192383895,0.0008414393851590024,0.0013529021689795751,0.009167693485246632,0.005329715308592625,0.0024960877053562987,0.0013409330816873833,0.0011539414811997338
27,0.000687430951077579,0.0004446505670448609,0.00640225683174412,0.0011049337675514035,0.004105659211372694,0.00027430345371988533,0.0005670931188030124,0.0002894682842741095,0.006116009338316675,0.00020416256579318333,0.001433958466744013,0.9686680926464164,0.00010706052862820083,0.0007663530024637211,8.241421080963197e-05,0.006158585435009859,0.0007193850908768813,0.00026674155140880753,0.0010980407663197822,0.0005034002116251804
28,0.0002277291847155261,0.0007895024038174559,0.002211259898659687,0.0019492654277020313,0.0009663864677573058,0.0001718196788687068,0.0005200013401857708,0.0016285133757387282,0.0018337552257355703,0.00014866323240247316,0.002912651501741586,0.9766834449743248,0.00018159543305217932,0.0003962335259803487,0.00013223647365802278,0.0016033402131098576,0.0011524559569536107,0.003153808780001025,0.002413588634184876,0.0009237482714102936
29,0.06466724290573483,0.006568283177255271,0.0006213057781156909,0.0001733605633085607,0.001092252273288275,0.0028597174108130675,0.0007103234727010919,0.0003096968669690536,0.01589407985327422,0.0007579978585483288,0.025721102331737286,0.08344778570149074,0.002299153141606214,0.0032451689320768407,0.0010244008357965996,0.7821070363280084,0.0015211864189588623,0.005288131049308846,0.0011569103362665185,0.0005348647647412713
30,0.0017431275701368049,0.00304727168157132,0.004065903665981863,0.004776543977623003,0.0010929227177214475,0.00019673352626029182,0.00414195247511634,0.0011283728242992117,0.003123275334559186,0.0006094448498248649,0.0034315596907286304,0.03407257505178318,0.01656927443935376,0.0008777330152941337,0.000279547696700428,0.05533430627316098,0.8597730277447383,0.0006099385839244837,0.003443453262936008,0.0016830356182858577
31,0.0010998125300959902,0.0007475109825092374,0.4976939165862977,0.18350558570549186,0.0009391292848753226,0.0005075297926726914,0.002755382965391827,0.000293511751247591,0.0003039556006873461,0.0029114303444389023,0.0032814313642740255,0.0026115691873136574,0.00022481382915749576,0.012764964449048193,0.0013210873028099708,0.0022409184949478862,0.26825793248021923,0.004053524200957215,0.0024135178334344616,0.012072475314129472
32,0.002878075201767576,0.0034224656610146675,0.0015507412615000293,0.02971557085508352,0.0024490785022550886,0.00022134367067192063,0.0010366303575200966,0.025831847180558178,0.0032238152955359057,0.025920596069792964,0.02499758124553412,0.009312945388227275,0.004886007002305475,0.07597408072928719,0.157365544255191,0.017568864775555634,0.5814214721061921,0.02642065255234846,0.004180383860449186,0.0016223040292096102
33,0.0042350212473320804,0.019190930060337445,0.005573414622115093,0.0009383174832483455,0.004097164949263401,0.000920900768528692,0.000559845725524914,0.027886325606565197,0.0013874090643899353,0.0006099287452929611,0.004318675027882234,0.0008924190995410545,0.00044109948529479515,0.0005905815877873631,0.00018824469602574342,0.003541232104277717,0.0015063737192150975,0.920239124771153,0.0019913268661637283,0.0008916643700612513
34,0.00047324372865104074,0.0018817857841871427,0.907622207973114,0.01359104100426533,0.0015435668359950242,0.022492355362523142,0.0037687102187829212,0.0006381868291973541,0.000890800177577936,0.0006328752406823792,0.005271742983974342,0.008012507658021249,0.0007801861984887197,0.0030114210060399535,0.00037425095274962433,0.001464216158227932,0.015688912893458987,0.0009070063749187659,0.002388100576948747,0.00856688204219549
35,0.004162642511100364,0.004765241108524715,0.0026360696818728585,0.0028807744667371476,0.001073484585432494,0.00034609428008207355,0.0020173669566400615,0.005847397600947756,0.008622213659582462,0.0012570753221141317,0.002548463580732755,0.0016777203098038587,0.000996203574403604,0.0014065566868648985,0.0022549127202566204,0.000975752581696753,0.9511338236301445,0.0007678879835426086,0.0030212997266605367,0.0016090190328598454
36,0.002325278591124284,0.002376380236710369,0.0012231970841952247,0.0017665388471028544,0.0025461179205666755,0.0004889321135338329,0.0040852719301701515,0.8616494293522413,0.0036671813397154344,0.02837240548553777,0.0028356339015760436,0.000827828768077447,0.0028787690008163732,0.004981962746556122,0.00188648229714429,0.0010288747518329068,0.0674512292094814,0.0066008216544997085,0.001957895194086294,0.0010497695750315617
37,0.00021346123986916592,0.0277611922575237,0.0018841336650434846,0.0009486058168091648,0.01346219674652754,0.0008525150897281474,0.0015353912779832125,0.006682939869553455,0.0009565696231252512,0.06108271268095522,0.00960849342764748,0.0005544087065041644,0.0002985980770148984,0.021183317050348056,0.2242093446285526,0.263999653105266,0.34742798146641996,0.00021799625695209266,0.015922249134447203,0.001198239879729231
38,0.04555406939999553,0.0024281843284080303,0.01804628445036982,0.37720103957921136,0.03370347552885351,0.0024417149917442486,0.0034045580987346487,0.000682092241015684,0.006441833676137672,0.000284981249436248,0.0032596661157074662,0.011608150916312412,0.000500748117267679,0.47096292134206824,0.00030861503769519526,0.000677849086866705,0.0004351115847471828,0.016060925801640008,0.004258922458093333,0.0017388559956951104
39,0.07154289251215014,0.0022286440821923867,0.0033685003985383555,0.028453442193287538,0.0021085595892043098,0.0015964697191506024,0.0011930989048256073,0.002404089135633375,0.4224362318119859,0.001056915091892151,0.02042246884023373,0.020992000280226138,0.00036671969346164607,0.008072009056926344,0.2763907097681155,0.0005539430955715506,0.12171902247529746,0.0024811290495871806,0.008653132173403676,0.003960022128316511
40,0.0011328006070827194,0.0018857390415579366,0.013448462232884423,0.0024632561696991072,0.0036874991023829276,0.0031447039763974104,0.004318596477242783,0.002862688215719299,0.005904199354453819,0.00023851002979423174,0.0032989875558009194,0.870827833159547,0.00026688433843649807,0.04370210620446026,0.00047445523011545104,0.008227775413500378,0.002731442329558385,0.0017753934902746914,0.009144583634982025,0.020464083436109698
41,0.011434403275347848,0.004347709989813205,0.002917027796945938,0.012026089893258249,0.0024243542648505136,0.014730838896080688,0.002259582635357683,0.2199081047648982,0.002028305130181943,0.008253180476394145,0.017361021282521913,0.0024413967276409763,0.008355389075249181,0.001038567396854115,0.0009389566603424135,0.0006016506309856456,0.0009848874544302925,0.6826907977430429,0.0038538477899035693,0.001403888115900622
42,0.35691097693914314,0.033229028101480554,0.02857970448901782,0.033686784878670696,0.021527053234066337,0.01681237799088355,0.06324123038060933,0.12486735546860504,0.015718518366234717,0.0012431623994752065,0.034169163295337805,0.026148956563504147,0.02573818316130565,0.09819493486663765,0.018003964935317328,0.024960124293041546,0.0064415167276740005,0.02648963048506142,0.02989406540440982,0.014143268019524204
43,0.028670799403349677,0.034929952231749446,0.020333690397443895,0.020226255631880435,0.03448534953196976,0.0032015084032431438,0.04045853112832929,0.017844379770128697,0.019518141754850192,0.0008369243473933045,0.025961319344878317,0.02590887870820502,0.030836009517938703,0.026920724311440786,0.0068899863461712495,0.013632491149661885,0.01001299273456116,0.5881007873195977,0.022406989815230722,0.02882428815197655
44,0.006937883847135441,0.0011179406172025148,0.0022371179501797533,0.002659862992286159,0.0014367687882454719,0.0007560218384090244,0.0028409571603360715,0.0015476211016189625,0.004932111653736163,0.0007332990383947476,0.003504562935034885,0.0021190356890651656,0.0012954314639669197,0.0029599557725362453,0.0007330316612480876,0.004156683147127106,0.9524160180279817,0.0005688536949305605,0.004263820739261221,0.002783021881303553
45,0.0033123831978830167,0.0025924800416838485,0.027653045103719427,0.0016071758578439497,0.0025290724181125813,0.012121558764603265,0.8329585562648096,0.0016354549127874582,0.002017835693432513,0.0007884451254622621,0.0015368344642395291,0.00942609033975551,0.002487841458743038,0.012388867665380863,0.0015040256477091393,0.07498981409719568,0.0015517487400715563,0.0007244291479890592,0.0050092716620774745,0.0031650693965002068
46,0.01915979358313236,0.004584843859392731,0.005384960825565056,0.001854102807428046,0.01609493662939456,0.004500600423655476,0.011389697951998814,0.005734530378063265,0.003896754938429762,0.011123891653058387,0.009717303395636473,0.0037176500070565032,0.006373586503018803,0.003295543042819347,0.002910720431820563,0.8060198864552737,0.03895420377469949,0.0050813010805343785,0.022552070956472336,0.01765362130254997
47,0.047436096355093535,0.012479871215602373,0.001024842497825649,0.0005199540854810431,0.1813284680598042,0.00025411048955224693,0.02297829603417739,0.01998307578558495,0.08648903818457443,0.005706900562039644,0.01783096280998766,0.0004220164662535554,0.0001995688118881334,0.05955688659820033,0.004579399973198604,0.0003215451439667319,0.02822554735058317,0.4229271767991175,0.001982977616129632,0.08575326516093917
48,0.0027791332192730997,0.0004572948744732881,0.004229789776447487,0.0015011082282463625,0.005766492883990387,0.003291962214419831,0.0007288498753019942,0.001136377262066308,0.006167240572709212,0.0003162910889230577,0.002608427340393916,0.7869332271185178,0.0012936204138899508,0.0010823881467986215,0.0019905077939769487,0.10304401097847428,0.055559501498639266,0.005890577719329152,0.0129584493871849,0.0022647496069438194
49,0.00034825486689227106,0.0016650115125548912,0.0013901430583663657,0.0011785773919593748,0.0038819944815045534,0.00026516599625107744,0.0006352502650041029,0.0028194447492910116,0.006085014132561687,0.953580742751346,0.010951269917061465,0.0008556724615298527,0.0010598552301810972,0.0010522541777683975,0.0011818091586780505,0.00022839847143441233,0.0033371479832368413,0.0003007659474980796,0.002989268819546495,0.006193958627334263
50,0.0011771093189660161,0.00821952423996583,0.0009092804713613531,0.00038437047235867836,0.010932238160690798,0.0003005991130439309,0.003436465186131679,0.009412815703637993,0.0007075169971475462,0.9240489466084658,0.022083208408866618,0.0007970266653289505,0.0009233421719938122,0.0006507107513491867,0.00011113938061229902,0.000867556542258433,0.00017356049432105635,0.008629890418749953,0.004643004844533496,0.0015916940502164652
51,0.6477167775990901,0.008666634878678386,0.00061986043069058,0.14177590738207077,0.0006045604346658098,0.002151366507505332,0.0025236578410850197,0.028859654858800775,0.001506926620804924,0.00010229627060969341,0.004208547685471716,0.00012218824018601072,2.805463977633087e-05,0.047187742074839306,0.0006815558264680195,0.0004217512162799758,0.02107602162326352,0.0893760502250889,0.00024259497094944376,0.0021278506736753387
52,0.36536161556343294,0.0005974123433510869,0.09010950707000963,0.07939801704394861,0.0009689787029014304,0.1769555094667403,0.08679885758302724,0.0018615339187920304,0.01596702893906667,0.000617566420070593,0.003112220921814965,0.0009617718428154791,1.7712732137001624e-05,0.010886286886753386,0.022473512946412536,0.09457890526038137,0.026458107510041184,0.0073149503417357506,0.0011117065208248176,0.014448797985743082
53,0.024323314269219687,0.00011714014664779004,0.0072038791955807225,0.3347672552067817,0.005188906425326184,0.018528724040109117,0.009536788755572522,0.029744575040200286,0.00651586119648394,0.028521685114511246,0.010206423615945532,0.007105831025889363,1.437812907850444e-05,0.029706441840124775,0.048628636965186864,0.037291167228431406,0.3558299235170579,0.02253627147394504,0.013577635744624445,0.010655161069283095
54,0.024948083623912667,0.011354879035976212,0.0008760027544487696,0.0008666273486341821,0.0004730311694212062,0.0027961330540344667,0.6322904430672188,0.0002770105784854697,0.0006491196894800414,0.00022384267040061434,0.0029675912531278645,0.01750353359413167,0.006187507183421284,0.005146815572380822,0.0021557048553275675,0.027117277304502883,0.25175093798647263,0.0010083813296124689,0.004096492979955133,0.007310584949055185
55,0.0034202343812215733,0.0015765427273366267,0.003866074105838683,0.0011145293510812567,0.0009801172977798563,0.0007533587599875774,0.005189518435406806,0.005657158435666393,0.008779971212766613,0.0012406236456394683,0.005195910097303963,0.9059136068426796,0.00020898468492121136,0.004744198899994835,0.0010731108088207323,0.01114152336400893,0.03223822516927536,0.0005738102266643504,0.003242380268146776,0.003090121285459487
56,0.01749545911929748,0.004578214875975265,0.008629734007759448,0.08176218318987977,0.021622812683258788,0.6514973298148454,0.0015763247120813458,0.0010476593982721362,0.024453773587522726,0.0004344495055981378,0.0057351873896520356,0.001459378467116247,0.001596242289189432,0.0041547486419974185,0.0012957283667292224,0.0639976091106703,0.004574398022482131,0.006161050114319916,0.012793459186678045,0.08513425751667471
57,0.3766111227998105,0.01493862165528433,0.00040800246847588843,0.00016393465825846653,0.00864089905494895,0.004489691015599436,0.07910834596746211,0.00010217591308236588,0.07351680851833467,0.01002937027063823,0.13720005577079472,0.005240449851407215,0.001574530306002864,0.018844656408752252,0.002278672000554798,0.0006205104210132583,0.0010133727070907894,0.02339601299408132,0.1830682396688253,0.0587545275495826
58,0.0006526081189650836,0.0014775125563017974,0.0011306828181240848,0.023913728318331794,0.0013562530846552266,0.0009439134319422155,0.014560419161739061,0.22346690036670813,0.0005421816787190992,0.7076861568715364,0.002312584522491398,0.0006580026746999675,0.0050809048881427996,0.0036178608896236964,0.00025587210720342385,0.0019782662396173635,0.00014000064929535198,0.0026868259666071384,0.004216287583125551,0.0033230380721705572
59,0.0013212761695723444,0.9406211533675698,0.0012638860661929082,0.0006657742815010393,0.028812414639455882,0.006906889303091347,0.0010326449148949557,0.000483067971059813,0.0005637527955688883,0.0011069998746039153,0.0014074949423861572,0.0012612424464653361,0.0010746479903111946,0.003443206115466128,0.0014809377753422016,0.0006230200019830797,0.0004524749830165351,0.002598549604972678,0.0012594932840795585,0.0036210734724663966
60,0.04115545017127727,0.001293717996050778,0.004949760324289981,0.005047225843621146,0.31163836011892304,7.995983144374637e-05,0.015987292140845006,0.00037573953413181846,0.09133961762126679,0.04644642059780257,0.027649659836229117,0.024216025797877804,2.085436174979228e-05,0.018711353918431622,0.05151675824619745,0.0424431201947245,0.010617154194708626,1.4503648694867584e-05,0.0003893518110781497,0.306107673810656
61,6.704133745692816e-05,0.000274598557130673,0.00027268487241639166,0.0017508488292339714,0.01764335707657735,4.666095310298831e-05,0.001302187937965137,0.27912887284360344,0.00015091303229406304,0.46408321724167695,0.034272221152090845,0.0015900122059453567,0.0008318240937338164,0.000283167742143292,0.00018908657837427213,0.006268910560611978,0.0003780931361533788,0.1837900758601096,0.0009502222478391525,0.006726003741540453
62,0.034690711757399455,0.00017457292788556958,0.2194365354822819,0.04957378336362303,0.06361728878905712,0.006279657259783715,0.2987182039278023,0.00038806870882213417,0.09770328189269595,0.008673070243994,0.008639597957988392,0.0499036570089291,2.4076567507285304e-05,0.06930018253998474,0.0016806764640714341,0.010996008497690472,0.0006341534445149437,0.0008631750359358879,0.004337523155648489,0.07436577497438426
63,0.0009399077442798412,0.003378560197640024,0.010077788926868244,0.021566330523496786,0.051610931603368375,0.6052956002959914,0.031456231675572544,0.0030181032327104115,0.002869112622146697,0.000720942409011691,0.009369775950276951,0.14055306228610537,0.002752615087856327,0.015528952934282275,0.0029407814059488465,0.07372271166569441,0.0004780040617841797,0.017221720649906354,0.0024208039889499306,0.004078062738109319
64,0.03497164603027956,0.0005335344846431112,0.004493112914479188,0.10890205784966737,0.00037044515585876183,0.005500353081025112,0.03958532210309219,0.16072273329857673,0.09493866565451897,0.0007990737033333556,0.03997287799109145,0.05714092701851481,9.00277579030426e-05,0.0035729159359649586,0.09718234365217365,0.007620514952605426,0.021522436014151002,0.3032716658535818,0.012984908830826451,0.005824437717712906
65,0.07705130395667047,0.0002496639392318039,0.030732879480466317,0.37541929437038896,0.0005233190219422085,0.006253586802519551,0.005990201254406975,0.00019418653547614381,0.18802553727139878,0.000545941267177061,0.08237674595754872,0.017901150827389852,0.04931301989785739,0.007262136423356225,0.026236997855604856,0.01876233641390315,0.007145951239024426,0.006505040829113791,0.007854000530001069,0.09165670612652227
66,0.005799123710473343,0.0012378164600948163,0.002244375443655316,0.001318433645529939,0.0015931444852115262,0.000355508549962033,0.00045430329417525987,0.0010345129673245278,0.0018639147406721208,0.004562792996293576,0.005266680584306027,0.0007510274927260906,0.9601625635771427,0.002596679605376716,0.000780426788503377,0.002068657424593059,0.0027817824622073167,0.000805852012784748,0.0021619849068203493,0.002160418852147122
67,0.0015669782345727713,0.002215283288235821,0.0013359186223752617,0.0011601380083820683,0.03179407571683762,0.00031145440198968814,0.0005280941459910703,0.013222812507554775,0.002833305700224304,0.9076339883023957,0.0048637289677314404,0.0019957703296417714,0.0018830353173078128,0.006070199879712023,0.015343179540146535,0.0004046667932093609,0.0008608814334923927,0.0010763960114122443,0.00377037839719908,0.001129714401588233
68,0.0341302286235216,0.006631443938587999,0.5035950012289291,0.06653375863722745,0.033963522389289694,0.022539634891792528,0.024974760306203336,0.13139755895656732,0.0020356205897022264,0.031249817511456737,0.0015291419914769135,0.0006607473797945216,0.00467255360599458,0.020054249761108867,0.00020021917946574656,0.004168390337270357,0.012228863497647397,0.05232819347211177,0.0016733960180860452,0.04543289768376563
69,0.0003204418007220593,0.0023467597502027353,0.0006588615337173418,0.0011844526147299877,0.006580811260519545,0.0004213883425088679,0.00063644226018159,0.00041602847374859383,0.0007271803185419242,0.964466183900327,0.00946323711257697,0.0007244721836238261,0.0007720811519990175,0.001214359568768412,0.0006259065958809027,0.0002555840302730212,0.0007135348743691143,0.005381983971497622,0.002542560251572141,0.0005477300042395127
70,0.03467897940577596,0.0006831785265499096,0.039806192347852404,0.28202281768429815,0.000967873630894723,0.36188455602630504,0.0640137404470341,0.0012497626526866074,0.012690717580731078,0.02189290306593158,0.012009109029783863,0.07810451161354183,3.0264601045016878e-05,0.03592752043518418,0.008798171861734662,0.010533082865605508,0.008456681082244349,0.00043986128947912063,0.0033166457759190673,0.02249343007740265
71,0.6348354785635141,0.00021840497072070952,0.00039843058371878193,0.2066944710896802,0.00011801853986008293,0.0021341660399875357,0.015978548964624147,0.003636679889959665,0.008960739081691156,0.004718602457185996,0.014725224778822469,0.000818597097177299,0.00012989491905653322,0.0030727778902363656,0.043635509478993334,0.010644746732115058,0.0083473192723278,0.0033121768821062535,0.019189966784885115,0.018430245983337493
72,0.000236312347381826,0.9569106467457871,0.001480520617206408,0.001426663244042887,0.012437212191303006,0.00027827655240777766,0.000542321688386715,0.0003552591334059835,0.0006647462577743553,0.003938544492434718,0.0017274906871196315,0.003047998414606811,0.00011224125927414679,0.0002962377426213218,0.010471874876873673,0.00024347377224182546,0.00014241744023179727,0.00021193757674124,0.003482384411074591,0.0019934405490841488
73,0.015626747857310917,0.012770578682416055,0.002769076922584461,0.011370942358755784,0.00038030344476555183,0.16810005433622785,0.0029114415604449785,0.0003444789608245295,0.005883118207718298,0.000716622378243662,0.002203824337574303,0.2276940323238983,2.9591142812828466e-05,0.061534949637139416,0.001969091530301058,0.053059104595692894,0.43067936359618647,6.890561696362479e-05,0.001790825233733927,9.694727640507039e-05
74,0.0001330707205262609,0.0004114798015872059,0.0002998706621139527,0.0005401015230598097,0.07271461394701394,7.000493283177495e-05,0.00023670173101270292,0.41612129631844297,0.00033355536221599366,0.35277356576325725,0.1407041063421388,0.0004555416140408037,0.0024316720975135113,0.0001991112827711201,3.4187873673275574e-05,5.037229414504224e-05,0.002610845265016238,0.008453272776654249,0.001324476346765931,0.00010215334521913511
75,0.1946985859794125,0.006447912305244515,0.0006647885895777932,0.00234899225995103,0.008899605823179543,0.019432254995796244,0.00808667864550467,0.18628078755768618,0.0003702120777549765,0.02851540723426754,0.09701642898131167,0.0038442527956210402,0.03371244480302183,0.0020963111162764438,0.0007115753828260419,0.006372248751365692,0.36050136839565555,0.02879554387936275,0.00911651955045052,0.0020880808757333326
76,0.08240539531864523,0.0008147504988562825,0.0005980539093810225,0.007882559840439868,0.0011262375452390358,0.8840897102797313,0.0014358706523344015,0.0003956588462945029,0.0013502664568175757,0.00041222664114387494,0.0034073151671715055,0.0008385658100321046,0.00022847369757451,0.0013845100167323271,0.0024242805657737395,0.0006991193663051758,0.0003773375568737823,0.006771478126829205,0.0024277967543983973,0.0009303929494264151
77,0.0006761791441601059,0.006332582890072364,0.0017957534311250402,0.0011989506602427973,0.0013064774045662877,0.004400230508571667,0.0008927417882395854,0.0005489429936254612,0.002145000621785484,0.012206192992793007,0.002819273926791854,0.023905877362067413,0.0003000428198189615,0.0008744107312818103,0.002211512327133821,0.00028504726784091397,0.0004558171285145992,0.002005479688849718,0.9339062451349502,0.0017332411775687715
78,0.0003722369283722111,0.0017226531014405066,0.044151985225175626,0.0014252463343217812,0.011181977844314848,0.0002338647533699456,0.007810588535088056,0.01108793545526585,0.0015389195359795662,0.8472537746701384,0.016252530495394112,0.002202283962429454,0.017149557340950677,0.0014946670285509974,0.00232053318377339,0.00031898813233563705,0.0004903002002392233,0.028680768945579443,0.003133670327820749,0.0011775179994595536
79,0.0063693415043841,0.004478543169517753,0.0004924638438481633,0.00026786093428447463,0.001023634859012537,0.00010276572278943145,0.00032123776744826383,0.08199839777560232,0.00020905257266142616,0.7942983878461028,0.02957711719234006,0.0004789027478424426,0.0004096036293363432,0.0007496500293839895,9.231734197831674e-05,0.0010169541823383346,0.004487387417495906,0.0030172063706008076,0.023174202349734416,0.04743497274329812
80,0.02091256180334871,0.0007285182498355228,0.0004830674918830727,0.0028516281996529623,0.0002620524462569548,0.9429738145760619,0.00031053443024121945,0.00045993511644015496,0.011961618131479767,0.0001911794884245161,0.004839069780328405,0.0007961260628373569,0.000629489333361086,0.0006165603030520531,0.0031221288255453973,7.285193159666447e-05,0.0001992162179030393,0.007312983822466491,0.000986004413885592,0.00029065937539895674
81,0.0024345532829745807,0.0004234566062007058,0.00826680131308684,0.001041627867379726,0.00047473593310906143,0.0014585587738766257,0.22724748074772352,0.02484794259906472,0.0014785485094667924,0.0001420943548628897,0.0017676096776939514,0.701378001020511,7.021890650494179e-05,0.0030955427597052798,0.008345989761376441,0.012193178527203585,0.0005527990549156467,0.0019756534855591692,0.0019505052677013096,0.0008547015510834489
82,0.0019588269394630077,0.0007742031627496944,0.003372285810795804,0.0023986789609036175,0.00037065253007688247,0.0004158904695995683,0.0008360268016620108,0.00030593167828302004,0.00045688630037836735,0.002507942853998074,0.0005535510995308263,0.0003481147014822913,0.973704420774301,0.0020623809373924067,9.343399058603271e-05,0.001087930846079239,0.0026730787519421723,0.004715316415195219,0.001068171408322928,0.0002962755672578783
83,0.04696110034467439,0.0020003931781639893,0.002408276872536786,0.32792527744564354,0.01634279978674615,0.0034128503115693296,0.010454468276106393,0.010325010578313833,0.008877986821903976,0.014315067954864199,0.04171206200423833,0.024684830313088577,3.368044447087837e-05,0.03355205060401032,4.421890636692357e-05,0.007737345394492063,0.052105546540608574,0.00020883357116948357,0.005723911261461184,0.39117428938957105
84,0.0017679452318846785,0.9516542006165764,0.0017305731243689975,0.002058977417231141,0.007888946367000438,0.001564929926866283,0.000909195586997749,0.000407704253825492,0.0018162076882379155,0.00015849390078056678,0.0023086272324663645,0.0010396327667951141,0.00023275805615863396,0.0015668100772589072,0.0021724509742979316,0.0003153680209563934,0.005064420983255375,0.0003420942270300966,0.011643381218969073,0.0053572823290424995
85,0.006682202890754743,0.0007661616476377404,0.6900498899672823,0.2325296789413528,0.0005063531973112054,0.01035488082670599,0.005182124175507375,0.00030408216604037856,0.0005537764630773466,0.0030668824100859096,0.003674119127569861,0.007187263676047774,0.0001375888519095172,0.0006993601547844305,0.00035639000083775743,0.003443131398876699,0.004441435616436769,0.011181711828295105,0.002453105600907396,0.016429861058579093
86,0.03781660658638151,0.00024211421138485605,0.026693849779408824,0.005259845278577324,0.016074341632293227,0.042212100912124996,0.3617327220473669,0.07208441724889897,0.0003344983947028889,0.01286006490307275,0.019981967857563548,0.018035768928337522,0.04366148483391178,0.031085965172003658,0.0006286338768888562,0.046393033132620866,0.04090724007513639,0.08128576909856376,0.021295216626729445,0.12141435940403196
87,0.0003672776181098078,0.004123503129520882,0.0031114872812271163,0.0017852448511965619,0.0020507840559033453,0.00023615808535195457,0.0011823986741990192,0.31654815622189947,0.0005078484002358543,0.6344092173324443,0.009683296136058065,0.0005989046473715114,0.0013748317361328645,0.006259057253249004,0.00024008845463380804,0.00018430662519243777,0.004897868435846212,0.010037283413225961,0.0018764255063904829,0.0005258621418112834
88,0.024847652965063763,0.0015535395812527845,0.007216584111589851,0.0008888098656554562,0.044152716131835475,0.0002891613662956298,0.0009247526190203142,0.5743383764409467,0.0008003338179161659,0.20309045378775195,0.004786617550514918,0.0069707193030232985,0.0007741342981644735,0.044303842953527794,0.0001279472086736501,0.015583742228091309,0.004108987807704213,0.04668237744943543,0.01570210283230629,0.0028571476812305806
89,0.011462020786147472,4.49901425092725e-05,0.19092598514315043,0.31324361133509204,0.058698275255346044,0.01643999246175998,0.0019202641962654168,0.02630743190966176,0.00974645022160758,0.07128817679562982,0.0501631199702272,0.07473206399818923,0.033745442841086375,0.005143694851038713,0.0019397074857066057,0.05322774483071948,0.023259765857360983,0.022508678854331294,0.018477817815063594,0.016724765249106842
90,0.005045310447056326,1.8640384672141746e-05,0.0008533135276011722,0.05795447588841486,0.002969792676334611,0.0005032500264907134,0.04431822076577443,0.4858067365932221,0.005185562451913504,0.002993493358446155,0.18894882233816548,0.005572785132273497,0.0030970827434472496,0.0002623053449658042,0.0018231436297176725,0.18948740777157583,0.0027807380784544227,0.0015790524724733704,0.0002423353031747271,0.0005575310658258992
91,0.0008448577145441226,0.00017316344411229994,0.0052585773770276265,7.342674588656056e-05,0.005710449276718432,0.015035220941166891,0.2880551449999347,0.006344366268441332,0.14033970799375844,0.014050383219698672,0.3767681269605419,0.01660308066347253,0.0036268921334732607,0.0017119079068151244,0.02322948335021307,0.01508420932004945,0.017981041510498248,0.054186862988539045,0.00012937210778375417,0.014793725077324566
92,0.05589862642573288,0.0010938006119462918,0.014559488014809066,0.006671084322399826,0.009150977373769334,0.027313984553107414,0.01557847889275368,0.019135822235748765,0.005090475694299407,0.006168737432443297,0.16302736729158407,0.22746078331038694,0.013748683698196179,0.14513054048430518,0.01982704808232482,0.07953165922987158,0.013525728470372362,0.08169349197125397,0.000758950383249051,0.09463427152144588
93,0.0006759371386105646,0.0003150934951432332,0.0015823024999039325,0.0021024098690143114,0.3193625092906492,0.003498685424619869,0.0015312203243998388,0.00039652398924410864,0.0012336416467917672,0.04225499814449923,0.0027275790629624204,0.0019565053252448635,0.00041726834414287505,0.023423933418014246,0.004273814164323144,0.00024556154581259465,0.0006783569836964261,0.0029573356026689353,0.5892353498591288,0.0011309738711296684
